0.999999940 -0.000000000 0.000000000 0.000000004 -0.000000000 1.000000000 0.000000000 0.000000060 0.000000000 0.000000000 0.999999940 0.000000000
0.999991417 -0.002404270 -0.003351536 -0.003323954 0.002397003 0.999994755 -0.002170418 -0.005599807 0.003356737 0.002162366 0.999991953 0.664648533
0.999971807 -0.001320634 -0.007407208 -0.011137049 0.001294591 0.999992907 -0.003519604 -0.010153144 0.007411805 0.003509915 0.999966323 1.363137007
0.999937475 -0.001200429 -0.011127606 -0.028660528 0.001145021 0.999986947 -0.004984341 -0.012368638 0.011133445 0.004971287 0.999925554 2.060376167
0.999871373 0.000135101 -0.016036456 -0.049091641 -0.000227257 0.999983490 -0.005744984 -0.014916701 0.016035415 0.005747889 0.999854863 2.788323879
0.999793887 -0.000902172 -0.020284384 -0.062276725 0.000787906 0.999983788 -0.005640469 -0.029690260 0.020289144 0.005623324 0.999778330 3.516589880
0.999694705 0.000915305 -0.024689570 -0.088272862 -0.001090234 0.999974370 -0.007072587 -0.032783493 0.024682464 0.007097345 0.999670148 4.269652843
0.999562681 0.003429405 -0.029368427 -0.121294148 -0.003650987 0.999965250 -0.007494591 -0.045492772 0.029341701 0.007598536 0.999540448 5.033248425
0.999429524 0.004170874 -0.033516519 -0.156350821 -0.004368206 0.999973595 -0.005816520 -0.053995963 0.033491369 0.005959609 0.999421179 5.815790653
0.999270678 0.003093403 -0.038060024 -0.186000317 -0.003216575 0.999989808 -0.003175435 -0.062096767 0.038049817 0.003295542 0.999270380 6.610603809
0.999141634 0.002826261 -0.041329488 -0.224068239 -0.002843015 0.999995947 -0.000346628 -0.070854463 0.041328333 0.000463830 0.999145448 7.420060635
0.999019444 0.004125431 -0.044082973 -0.266393632 -0.004182525 0.999990523 -0.001202975 -0.076751545 0.044077590 0.001386173 0.999027133 8.238085747
0.998920977 0.003706546 -0.046294570 -0.308644831 -0.003772843 0.999991953 -0.001344759 -0.084138073 0.046289209 0.001517971 0.998926878 9.063095093
0.998849452 0.000800835 -0.047951482 -0.351291656 -0.000889336 0.999997973 -0.001824315 -0.090576530 0.047949921 0.001864862 0.998848021 9.896861076
0.998743832 0.000548913 -0.050105020 -0.393272102 -0.000609878 0.999999046 -0.001201463 -0.096260168 0.050104316 0.001230512 0.998743236 10.739986420
0.998674393 -0.000943040 -0.051463298 -0.439172655 0.000864827 0.999998331 -0.001542037 -0.103353746 0.051464677 0.001495486 0.998673618 11.596343040
0.998583615 0.001532312 -0.053181533 -0.492019296 -0.001744252 0.999990642 -0.003939042 -0.110974424 0.053175006 0.004026226 0.998577058 12.450553894
0.998525679 0.001896734 -0.054247294 -0.549907565 -0.002263988 0.999974847 -0.006709350 -0.118955724 0.054233208 0.006822274 0.998504996 13.323065758
0.998367727 0.005820131 -0.056817960 -0.589593947 -0.006298880 0.999946117 -0.008250533 -0.133185208 0.056766890 0.008594952 0.998350382 14.212068558
0.998315275 0.006538596 -0.057654094 -0.646821797 -0.006994406 0.999945819 -0.007707688 -0.147272810 0.057600576 0.008097958 0.998306870 15.101940155
0.998221755 0.005756760 -0.059329830 -0.700089693 -0.006143703 0.999961078 -0.006341560 -0.160690323 0.059291005 0.006694789 0.998218238 15.996335983
0.998141229 0.006607302 -0.060584765 -0.758761644 -0.006915785 0.999964178 -0.004883473 -0.171144992 0.060550317 0.005293387 0.998151124 16.903230667
0.998094440 0.006057647 -0.061406888 -0.818356216 -0.006339636 0.999970257 -0.004398347 -0.188391402 0.061378416 0.004779263 0.998103142 17.812578201
0.998007894 0.005865255 -0.062816583 -0.881247520 -0.006222376 0.999965608 -0.005490993 -0.197969750 0.062782221 0.005870922 0.998010039 18.717252731
0.997929811 0.004746284 -0.064136811 -0.942552626 -0.005169368 0.999965906 -0.006432257 -0.209286466 0.064104088 0.006750488 0.997920334 19.638906479
0.997907817 0.004559698 -0.064491503 -1.004513741 -0.004889379 0.999975741 -0.004955104 -0.217968732 0.064467341 0.005260061 0.997905850 20.563072205
0.997881949 0.005739851 -0.064797841 -1.069940805 -0.005829992 0.999982297 -0.001202120 -0.232316107 0.064789787 0.001577344 0.997897625 21.489534378
0.997934997 0.006495839 -0.063902214 -1.130208015 -0.006335418 0.999976218 0.002712726 -0.244751245 0.063918315 -0.002302277 0.997952461 22.430440903
0.998039782 0.005442916 -0.062345017 -1.188757420 -0.005102970 0.999971211 0.005610606 -0.251156628 0.062373765 -0.005281464 0.998038888 23.364551544
0.998149633 0.005946215 -0.060513526 -1.254328609 -0.005572255 0.999964297 0.006346670 -0.254151255 0.060549114 -0.005997729 0.998147130 24.305730820
0.998200953 0.005716975 -0.059682913 -1.299631953 -0.005515330 0.999978542 0.003542782 -0.262613505 0.059701886 -0.003207239 0.998211086 25.259000778
0.998246908 0.006612814 -0.058816791 -1.359457970 -0.006707734 0.999976516 -0.001416542 -0.267626613 0.058806043 0.001808585 0.998267770 26.206499100
0.998328447 0.005836351 -0.057499748 -1.419246316 -0.006100001 0.999971688 -0.004410781 -0.276425719 0.057472374 0.004754156 0.998335779 27.159242630
0.998373866 0.003504158 -0.056897495 -1.469177842 -0.003699517 0.999987662 -0.003328552 -0.286903501 0.056885123 0.003533633 0.998374462 28.126972198
0.998376012 0.001734125 -0.056941144 -1.528787017 -0.001669247 0.999997914 0.001186930 -0.294419616 0.056943085 -0.001089953 0.998376906 29.097908020
0.998313367 -0.002221965 -0.058012839 -1.575696111 0.002514298 0.999984503 0.004966596 -0.305685580 0.058000896 -0.005104081 0.998303473 30.071750641
0.998198509 -0.009606673 -0.059222855 -1.624660969 0.009893383 0.999940634 0.004549872 -0.312459469 0.059175629 -0.005127592 0.998234391 31.047595978
0.998087049 -0.011658271 -0.060713597 -1.679336786 0.011706373 0.999931335 0.000436631 -0.318226784 0.060704336 -0.001146532 0.998155117 32.025413513
0.998006880 -0.011301742 -0.062084116 -1.742471814 0.011097924 0.999931812 -0.003626812 -0.324158967 0.062120870 0.002930578 0.998064339 33.001617432
0.997881234 -0.010451820 -0.064216793 -1.807508230 0.010207671 0.999939382 -0.004128902 -0.336874187 0.064256065 0.003464649 0.997927427 33.986309052
0.997816026 -0.011120172 -0.065111250 -1.871636391 0.010989788 0.999936879 -0.002360333 -0.351219237 0.065133378 0.001639619 0.997875273 34.983745575
0.997782648 -0.007278357 -0.066156842 -1.945939898 0.007296956 0.999973297 0.000039500 -0.362929106 0.066154793 -0.000522156 0.997809112 35.975757599
0.997706532 -0.006840410 -0.067341283 -2.012432337 0.006955079 0.999974728 0.001468502 -0.378847063 0.067329548 -0.001933497 0.997728825 36.964950562
0.997626245 -0.006276222 -0.068574294 -2.080750227 0.006554585 0.999971271 0.003835052 -0.381211579 0.068548255 -0.004275425 0.997638583 37.965789795
0.997645378 -0.005766912 -0.068339974 -2.147575617 0.006264493 0.999955416 0.007068889 -0.395491064 0.068296164 -0.007480360 0.997636974 38.954586029
0.997626007 -0.000358917 -0.068862997 -2.226079702 0.000992974 0.999957442 0.009173501 -0.396133363 0.068856776 -0.009220101 0.997583866 39.944625854
0.997600913 -0.000018305 -0.069225512 -2.296943903 0.000604172 0.999964237 0.008442243 -0.400657386 0.069222882 -0.008463812 0.997565269 40.941265106
0.997598648 -0.000235647 -0.069258198 -2.364113331 0.000697777 0.999977708 0.006648452 -0.400265992 0.069255076 -0.006680812 0.997576594 41.930587769
0.997605145 0.002374936 -0.069124140 -2.439116716 -0.002069260 0.999987900 0.004493410 -0.411439866 0.069133960 -0.004339613 0.997597933 42.922969818
0.997546196 0.002017623 -0.069981277 -2.511318207 -0.001693592 0.999987543 0.004689273 -0.421252578 0.069989860 -0.004559247 0.997537315 43.918331146
0.997438133 0.000175217 -0.071533680 -2.583112240 0.000235064 0.999983609 0.005727034 -0.427561760 0.071533509 -0.005729177 0.997421801 44.908885956
0.997382283 0.000152686 -0.072308213 -2.652004957 0.000355403 0.999975383 0.007013783 -0.435691714 0.072307505 -0.007021121 0.997357666 45.892616272
0.997351468 0.002629903 -0.072685361 -2.725902319 -0.002398453 0.999991715 0.003271364 -0.445041031 0.072693370 -0.003088365 0.997349560 46.867881775
0.997314036 0.003108010 -0.073178194 -2.812430620 -0.003166870 0.999994874 -0.000688320 -0.456412971 0.073175676 0.000918218 0.997318625 47.833633423
0.997252941 0.003821664 -0.073971875 -2.879180193 -0.003979883 0.999990106 -0.001991616 -0.462000132 0.073963508 0.002280545 0.997258306 48.802562714
0.997252584 0.002718873 -0.074025877 -2.953812122 -0.002597067 0.999995112 0.001741663 -0.477387249 0.074030243 -0.001544627 0.997254789 49.784397125
0.997256219 0.000811350 -0.074021868 -3.029726267 -0.000456201 0.999988258 0.004814671 -0.487461895 0.074024908 -0.004767692 0.997244954 50.753673553
0.997201860 -0.001529629 -0.074740425 -3.089791298 0.001930972 0.999984086 0.005297850 -0.492147058 0.074731119 -0.005427346 0.997188926 51.709300995
0.997183800 -0.004898513 -0.074836984 -3.164099216 0.005219469 0.999977946 0.004093772 -0.501655698 0.074815288 -0.004472851 0.997187376 52.665225983
0.997131646 -0.007932722 -0.075268999 -3.231815338 0.008183646 0.999961972 0.003025837 -0.513292670 0.075242132 -0.003633133 0.997158647 53.614887238
0.997060001 -0.009405105 -0.076044887 -3.307953358 0.009758540 0.999943256 0.004277461 -0.525556147 0.076000348 -0.005006972 0.997095227 54.567092896
0.996923506 -0.012573715 -0.077365585 -3.379335642 0.013242008 0.999879241 0.008131124 -0.528464913 0.077254005 -0.009130584 0.996969581 55.521198273
0.996858299 -0.013121886 -0.078110628 -3.445259094 0.014196384 0.999811888 0.013216740 -0.533092022 0.077922516 -0.014284104 0.996857047 56.458801270
0.996858120 -0.011204913 -0.078411311 -3.530133724 0.012431775 0.999807596 0.015175879 -0.531626880 0.078226186 -0.016102990 0.996805549 57.402984619
0.996752322 -0.010134192 -0.079888254 -3.607680798 0.011065207 0.999875844 0.011219910 -0.535704255 0.079764619 -0.012067451 0.996740639 58.334537506
0.996666551 -0.008376513 -0.081152141 -3.686342001 0.008656288 0.999957740 0.003096336 -0.538294494 0.081122786 -0.003788490 0.996696889 59.245330811
0.996588647 -0.006855544 -0.082243256 -3.762387276 0.006782537 0.999976337 -0.001167043 -0.553747714 0.082249306 0.000605244 0.996611595 60.164833069
0.996566653 -0.001536294 -0.082779527 -3.854140043 0.001511019 0.999998868 -0.000367972 -0.564392269 0.082779989 0.000241628 0.996567845 61.066825867
0.996458113 0.000762611 -0.084087461 -3.938803196 -0.000582676 0.999997497 0.002164365 -0.579232574 0.084088892 -0.002107703 0.996456027 61.962192535
0.996356189 0.003306500 -0.085224658 -4.010760307 -0.003023596 0.999989450 0.003448377 -0.593611777 0.085235149 -0.003178126 0.996355772 62.843982697
0.996239841 0.003996141 -0.086545624 -4.087854862 -0.003747440 0.999988317 0.003035931 -0.602103055 0.086556748 -0.002700191 0.996243238 63.709976196
0.996111989 0.005542858 -0.087920748 -4.169785976 -0.005182742 0.999977171 0.004323664 -0.616037428 0.087942705 -0.003851183 0.996118069 64.554641724
0.995990455 0.006790385 -0.089201242 -4.252686024 -0.006388217 0.999968112 0.004793264 -0.626234591 0.089230947 -0.004204209 0.996002138 65.396232605
0.995858848 0.006283821 -0.090694897 -4.325583935 -0.005815267 0.999968231 0.005429583 -0.639051676 0.090726137 -0.004879685 0.995863914 66.212234497
0.995757520 0.006026139 -0.091817707 -4.402432442 -0.005480997 0.999965727 0.006188208 -0.643394887 0.091851845 -0.005658702 0.995756567 67.015846252
0.995590270 0.008768018 -0.093396731 -4.479356289 -0.007950122 0.999926746 0.009125721 -0.652793825 0.093469903 -0.008342965 0.995587111 67.815025330
0.995468736 0.010511206 -0.094506338 -4.562330723 -0.009298973 0.999868870 0.013258290 -0.658848584 0.094633311 -0.012319404 0.995435894 68.603164673
0.995270312 0.013502086 -0.096201196 -4.646202564 -0.012117715 0.999814630 0.014960128 -0.662332237 0.096385352 -0.013723631 0.995249450 69.381141663
0.995101869 0.016331220 -0.097495921 -4.727423191 -0.015339200 0.999822736 0.010915884 -0.669326961 0.097656913 -0.009366907 0.995176077 70.132225037
0.994954467 0.016120259 -0.099023864 -4.798868656 -0.015845330 0.999868095 0.003562268 -0.677813947 0.099068224 -0.001975229 0.995078564 70.855468750
0.994817257 0.015409018 -0.100504868 -4.873962402 -0.015720434 0.999873757 -0.002307210 -0.684716940 0.100456633 0.003875232 0.994933903 71.564201355
0.994762480 0.016171306 -0.100926176 -4.948829651 -0.016625432 0.999855042 -0.003660020 -0.689329624 0.100852370 0.005318792 0.994887173 72.258712769
0.994653165 0.018732188 -0.101558730 -5.027960777 -0.018828899 0.999822855 0.000006373 -0.701471865 0.101540841 0.001905900 0.994829476 72.928756714
0.994531810 0.019361520 -0.102623612 -5.103603840 -0.019219905 0.999812543 0.002368695 -0.719142437 0.102650240 -0.000383326 0.994717419 73.586334229
0.994460881 0.015967157 -0.103887409 -5.165938854 -0.016155124 0.999868989 -0.000968079 -0.731286049 0.103858344 0.002641031 0.994588614 74.212066650
0.994562805 0.007625867 -0.103858724 -5.220254421 -0.008293008 0.999947667 -0.005993226 -0.746896148 0.103807591 0.006821941 0.994573951 74.828063965
0.994685709 0.003603412 -0.102894187 -5.273796082 -0.004740372 0.999930382 -0.010807423 -0.754657090 0.102848075 0.011237747 0.994633555 75.424629211
0.994987428 0.006019482 -0.099818692 -5.334502220 -0.007172585 0.999911666 -0.011197126 -0.765204370 0.099742472 0.011856959 0.994942665 76.003402710
0.995364547 0.011061357 -0.095535338 -5.400997162 -0.011861528 0.999899149 -0.007811819 -0.784865737 0.095439292 0.008908805 0.995395362 76.575218201
0.995784998 0.009480582 -0.091225952 -5.447191238 -0.009975945 0.999937832 -0.004975611 -0.792120934 0.091173105 0.005864706 0.995817780 77.128112793
0.996325374 0.006001746 -0.085438766 -5.484893799 -0.006093381 0.999981105 -0.000811785 -0.803445578 0.085432284 0.001329414 0.996343076 77.673576355
0.997039676 0.001455075 -0.076873906 -5.520757675 -0.001245535 0.999995410 0.002773617 -0.818439007 0.076877579 -0.002669656 0.997036934 78.200080872
0.997764766 0.005033960 -0.066633523 -5.545918465 -0.004858415 0.999984264 0.002796271 -0.829252541 0.066646561 -0.002466287 0.997773528 78.714561462
0.998616517 0.010096673 -0.051605914 -5.571708679 -0.009998407 0.999947727 0.002161984 -0.834472537 0.051625047 -0.001643016 0.998665154 79.218002319
0.999326169 0.015188417 -0.033415150 -5.590601921 -0.015108001 0.999882340 0.002657742 -0.840021133 0.033451587 -0.002151115 0.999437988 79.710983276
0.999844432 0.013724224 -0.011081782 -5.585392952 -0.013689148 0.999901056 0.003234748 -0.846499026 0.011125088 -0.003082545 0.999933302 80.190223694
0.999836206 0.010200308 0.014950032 -5.553007126 -0.010265172 0.999938130 0.004268389 -0.853847027 -0.014905570 -0.004421155 0.999879062 80.642738342
0.998970509 0.009047659 0.044453207 -5.509017467 -0.009319935 0.999939024 0.005921546 -0.863324285 -0.044396922 -0.006329752 0.998993874 81.092765808
0.996940136 0.008516386 0.077703670 -5.455554485 -0.009126125 0.999930263 0.007495245 -0.871898651 -0.077634417 -0.008181443 0.996948242 81.545326233
0.993309259 0.008647171 0.115160570 -5.379559517 -0.009612220 0.999923170 0.007827341 -0.874633610 -0.115084030 -0.008881917 0.993315935 81.989082336
0.987637103 0.008784733 0.156511143 -5.291450024 -0.010108267 0.999919534 0.007662550 -0.877506495 -0.156431243 -0.009149873 0.987646401 82.387870789
0.979448557 0.008503991 0.201514468 -5.176169395 -0.010236176 0.999919116 0.007555321 -0.882951617 -0.201433897 -0.009462784 0.979456365 82.801528931
0.968035758 0.010755779 0.250581354 -5.042779922 -0.012582047 0.999904633 0.005687248 -0.892372429 -0.250496298 -0.008658286 0.968078732 83.206779480
0.952684045 0.011745359 0.303735435 -4.888947487 -0.013232716 0.999908388 0.002839034 -0.899910867 -0.303674281 -0.006723948 0.952752054 83.590728760
0.932942986 0.012232034 0.359816015 -4.713603497 -0.013281453 0.999911666 0.000444360 -0.902522147 -0.359778821 -0.005193442 0.933023095 83.960525513
0.908847094 0.012576051 0.416939735 -4.515337944 -0.013275200 0.999911010 -0.001222736 -0.909813106 -0.416918069 -0.004423677 0.908933222 84.305625916
0.879726708 0.012940742 0.475303620 -4.314301014 -0.012985344 0.999910533 -0.003189610 -0.915880084 -0.475302398 -0.003365995 0.879816055 84.613281250
0.846582115 0.011868352 0.532125831 -4.071429253 -0.010482592 0.999929190 -0.005624868 -0.918905258 -0.532154977 -0.000816147 0.846646547 84.909759521
0.809476733 0.011505103 0.587039232 -3.812599421 -0.009199530 0.999933779 -0.006911866 -0.927091300 -0.587079883 0.000194510 0.809528947 85.205238342
0.769577444 0.010054630 0.638474405 -3.537747383 -0.008428916 0.999948919 -0.005587399 -0.940550268 -0.638497889 -0.001081711 0.769622743 85.473068237
0.726752698 0.009740435 0.686830223 -3.247780323 -0.009773585 0.999944925 -0.003839257 -0.944617033 -0.686829746 -0.003922604 0.726807714 85.724906921
0.681612253 0.009070600 0.731657445 -2.944020510 -0.008955989 0.999951661 -0.004053331 -0.946852386 -0.731658816 -0.003789917 0.681660414 85.950378418
0.635057747 0.007587592 0.772427499 -2.622955084 -0.005822614 0.999970376 -0.005035647 -0.957009435 -0.772442698 -0.001299620 0.635083020 86.155891418
0.590970933 0.004122622 0.806682229 -2.274828911 0.001021236 0.999982357 -0.005858650 -0.965651989 -0.806692183 0.004286106 0.590956211 86.306037903
0.544988394 0.005851046 0.838423193 -1.936698318 -0.000981589 0.999979436 -0.006340440 -0.978184402 -0.838443041 0.002632479 0.544982791 86.469017029
0.497845441 0.009172718 0.867217243 -1.600790858 -0.004401190 0.999957979 -0.008050139 -0.980430126 -0.867254615 0.000190937 0.497864783 86.626419067
0.452695370 0.010995899 0.891597450 -1.258555770 -0.004812739 0.999939501 -0.009888465 -0.989923358 -0.891652286 0.000185436 0.452720821 86.758621216
0.410319924 0.008772560 0.911899447 -0.908190370 0.002341305 0.999940336 -0.010673020 -0.993808508 -0.911938548 0.006514387 0.410274804 86.870323181
0.369373918 0.001040219 0.929280162 -0.541965187 0.016312651 0.999837935 -0.007603214 -1.006214023 -0.929137647 0.017967448 0.369297177 86.981323242
0.333798528 -0.002313360 0.942641497 -0.177092552 0.020259785 0.999783635 -0.004720591 -1.008936524 -0.942426741 0.020673441 0.333773196 87.075088501
0.300786078 0.001347010 0.953690648 0.188095316 0.017766077 0.999817491 -0.007015433 -1.018276691 -0.953526139 0.019053483 0.300707340 87.169120789
0.270121723 0.009113443 0.962782979 0.555803716 0.007112409 0.999908984 -0.011460347 -1.031250477 -0.962799966 0.009943392 0.270032316 87.264884949
0.241380975 0.013626001 0.970334768 0.939168572 0.002653783 0.999888361 -0.014701168 -1.044187546 -0.970426798 0.006123641 0.241317868 87.360549927
0.215692922 0.015216975 0.976342618 1.330487728 0.004131574 0.999855399 -0.016496183 -1.058371425 -0.976452470 0.007591943 0.215598866 87.426712036
0.192287654 0.016553283 0.981198967 1.736362338 0.011037533 0.999758005 -0.019029431 -1.068963051 -0.981276512 0.014489139 0.192058414 87.479995728
0.172466069 0.022430601 0.984759986 2.149097919 0.017986607 0.999502361 -0.025916481 -1.071832418 -0.984851241 0.022182206 0.171976790 87.521629333
0.152493984 0.029823424 0.987854302 2.568971634 0.020476678 0.999234676 -0.033327963 -1.063385010 -0.988092244 0.025310293 0.151766598 87.578529358
0.134760782 0.030570311 0.990406513 3.009803057 0.018387591 0.999274731 -0.033345971 -1.075298667 -0.990707636 0.022704922 0.134100944 87.637023926
0.119550847 0.026155014 0.992483556 3.471809626 0.015952384 0.999473274 -0.028260782 -1.101043105 -0.992699921 0.019211082 0.119070664 87.685791016
0.105058782 0.022971759 0.994200647 3.944735527 0.015618345 0.999571800 -0.024746278 -1.122168064 -0.994343340 0.018127589 0.104655012 87.729347229
0.091684185 0.020414382 0.995578885 4.426516533 0.018886339 0.999574304 -0.022235582 -1.134484529 -0.995608985 0.020841490 0.091259614 87.765052795
0.080143929 0.019567179 0.996591210 4.920232296 0.022446081 0.999518335 -0.021429718 -1.149131298 -0.996530533 0.024087027 0.079666123 87.790252686
0.069939129 0.020151682 0.997347772 5.434346676 0.025682651 0.999428093 -0.021994717 -1.163899183 -0.997220576 0.027152823 0.069381602 87.819328308
0.062048383 0.020648308 0.997859538 5.967514515 0.027933756 0.999358356 -0.022416282 -1.176578760 -0.997682095 0.029264860 0.061431795 87.847259521
0.056464616 0.021107983 0.998181403 6.516457081 0.029671846 0.999299526 -0.022810085 -1.191691160 -0.997963548 0.030905850 0.055798747 87.869369507
0.051141474 0.022288494 0.998442709 7.076728344 0.031099269 0.999230564 -0.023899026 -1.204762697 -0.998207033 0.032273065 0.050408974 87.890342712
0.045028728 0.022686519 0.998727977 7.663791180 0.031290330 0.999219477 -0.024108442 -1.223806739 -0.998495519 0.032336101 0.044283718 87.915786743
0.040679198 0.022669161 0.998914957 8.268911362 0.033968411 0.999133229 -0.024057420 -1.239987373 -0.998594701 0.034910198 0.039873909 87.936325073
0.037716694 0.022878006 0.999026537 8.885730743 0.035072722 0.999091625 -0.024203617 -1.255148888 -0.998672724 0.035951462 0.036880035 87.954391479
0.034691408 0.022406356 0.999146819 9.525479317 0.036147881 0.999066293 -0.023659648 -1.272821069 -0.998744130 0.036937833 0.033849075 87.973724365
0.032222625 0.021553412 0.999248266 10.175460815 0.038157709 0.999011993 -0.022778781 -1.293748736 -0.998751938 0.038863007 0.031368364 87.992614746
0.031653889 0.021080324 0.999276519 10.852348328 0.042956863 0.998825073 -0.022431536 -1.312566400 -0.998575330 0.043635827 0.030711155 88.005859375
0.032659128 0.020894889 0.999248087 11.543971062 0.046033490 0.998688996 -0.022387739 -1.328695655 -0.998405874 0.046730030 0.031654447 88.023529053
0.035119846 0.020657755 0.999169588 12.247870445 0.047928046 0.998601079 -0.022330627 -1.347819805 -0.998233199 0.048672490 0.034080632 88.045570374
0.038787615 0.020710951 0.999032855 12.972344398 0.050341811 0.998475134 -0.022653919 -1.366598725 -0.997978568 0.051171809 0.037685841 88.076423645
0.043358374 0.020190947 0.998855650 13.710392952 0.050663088 0.998464942 -0.022382243 -1.389693022 -0.997774124 0.051575564 0.042268880 88.103820801
0.047122415 0.018483372 0.998718143 14.463314056 0.052094329 0.998422623 -0.020935869 -1.410154581 -0.997529685 0.053014103 0.046085205 88.145317078
0.050939094 0.016922466 0.998558402 15.231807709 0.051894538 0.998460829 -0.019568089 -1.429996967 -0.997352540 0.052816514 0.049982507 88.191467285
0.055232901 0.014851394 0.998363137 16.009616852 0.048739016 0.998657227 -0.017552184 -1.449712157 -0.997283280 0.049628690 0.054434903 88.240432739
0.059133966 0.013895270 0.998153269 16.806989670 0.047964144 0.998708665 -0.016744560 -1.465456247 -0.997097075 0.048865747 0.058391124 88.288589478
0.063127920 0.014960621 0.997893274 17.608938217 0.045205753 0.998818517 -0.017834261 -1.485055804 -0.996981084 0.046236362 0.062377028 88.349548340
0.066026293 0.018826909 0.997640252 18.406852722 0.043114856 0.998834312 -0.021702891 -1.514548182 -0.996885955 0.044446081 0.065137610 88.410743713
0.067803845 0.023930319 0.997411609 19.206468582 0.037310291 0.998952150 -0.026503628 -1.541897178 -0.997000754 0.039010767 0.066839941 88.471542358
0.067543961 0.027249262 0.997344017 20.033357620 0.034425043 0.998968124 -0.029625028 -1.569780469 -0.997122228 0.036334604 0.066536210 88.533103943
0.067477889 0.027277783 0.997347772 20.845792770 0.032391936 0.999039352 -0.029515605 -1.593438148 -0.997194827 0.034297682 0.066529490 88.600730896
0.067305095 0.025346765 0.997410417 21.660100937 0.029335210 0.999194741 -0.027371651 -1.628408313 -0.997301102 0.031101493 0.066507369 88.666999817
0.066727795 0.024678281 0.997465849 22.478990555 0.030269755 0.999183893 -0.026745748 -1.652785301 -0.997311950 0.031977735 0.065926336 88.731765747
0.067800917 0.023158735 0.997430027 23.316013336 0.027787222 0.999298871 -0.025090979 -1.696482062 -0.997311771 0.029417003 0.067109868 88.785415649
0.068027735 0.023317587 0.997410834 24.128580093 0.026113594 0.999342740 -0.025143806 -1.729540467 -0.997341573 0.027756460 0.067374110 88.845451355
0.067968398 0.024401417 0.997389019 24.941349030 0.023175191 0.999392390 -0.026029738 -1.756480813 -0.997418284 0.024883881 0.067361593 88.911170959
0.066843815 0.025498608 0.997437537 25.750558853 0.020225547 0.999433219 -0.026905052 -1.791701436 -0.997558415 0.021972157 0.066290222 88.971328735
0.063866533 0.025136873 0.997641742 26.570320129 0.017489580 0.999500871 -0.026303362 -1.821817398 -0.997805119 0.019128243 0.063395038 89.031288147
0.059987258 0.023827549 0.997914612 27.377418518 0.014955919 0.999581277 -0.024766386 -1.853447437 -0.998087049 0.016410397 0.059605788 89.084800720
0.054847397 0.021317497 0.998267174 28.193288803 0.013044962 0.999671340 -0.022064211 -1.884581327 -0.998409450 0.014232525 0.054551300 89.139213562
0.048958756 0.019373702 0.998612881 29.008775711 0.010719961 0.999744058 -0.019921210 -1.911919355 -0.998743176 0.011680411 0.048738543 89.179397583
0.041313127 0.019681094 0.998952389 29.811525345 0.010308293 0.999744296 -0.020123012 -1.939790249 -0.999092996 0.011128840 0.041099690 89.215286255
0.032704756 0.020564612 0.999253452 30.616752625 0.010118023 0.999730289 -0.020905579 -1.967105269 -0.999413729 0.010794185 0.032487866 89.241371155
0.022784537 0.020885721 0.999522209 31.419612885 0.010736306 0.999718964 -0.021134568 -1.994770527 -0.999682724 0.011212718 0.022553900 89.261306763
0.012633376 0.019989269 0.999720395 32.218715668 0.012289079 0.999721467 -0.020144591 -2.019279957 -0.999844611 0.012540136 0.012384213 89.268173218
0.001746786 0.018989161 0.999818146 33.014007568 0.011119713 0.999757469 -0.019007437 -2.048283100 -0.999936640 0.011150891 0.001535209 89.272087097
-0.009511231 0.018277233 0.999787569 33.800659180 0.012275993 0.999759674 -0.018159937 -2.072095394 -0.999879360 0.012100666 -0.009733316 89.260993958
-0.020411862 0.018519621 0.999620020 34.582889557 0.012418083 0.999755979 -0.018268563 -2.097751856 -0.999714494 0.012040470 -0.020636860 89.241355896
-0.031463120 0.019340640 0.999317765 35.357963562 0.012695574 0.999739945 -0.018949093 -2.123338699 -0.999424160 0.012090718 -0.031700477 89.216209412
-0.042092741 0.020413354 0.998905122 36.128612518 0.012060917 0.999728739 -0.019921953 -2.151443720 -0.999040782 0.011209144 -0.042327527 89.180046082
-0.052553434 0.021416837 0.998388410 36.901245117 0.012836449 0.999701798 -0.020769332 -2.174628019 -0.998535573 0.011724261 -0.052812681 89.144744873
-0.062052947 0.022172783 0.997826517 37.662151337 0.013820285 0.999676347 -0.021354435 -2.199867964 -0.997977138 0.012465139 -0.062339298 89.094642639
-0.071773358 0.022512257 0.997166872 38.420486450 0.014154334 0.999667525 -0.021549921 -2.228595972 -0.997320473 0.012567522 -0.072068140 89.036880493
-0.081022330 0.023211706 0.996441901 39.161865234 0.015565545 0.999636292 -0.022020457 -2.248167992 -0.996590674 0.013726014 -0.081354164 88.980300903
-0.089341260 0.022693833 0.995742500 39.895805359 0.016719131 0.999633610 -0.021282423 -2.273022890 -0.995860755 0.014746550 -0.089687951 88.908065796
-0.097176120 0.021453427 0.995035946 40.627849579 0.018374244 0.999635875 -0.019758157 -2.300656080 -0.995097637 0.016363010 -0.097534940 88.842269897
-0.102647685 0.020092722 0.994514823 41.352375031 0.021271609 0.999611616 -0.018000174 -2.324033260 -0.994490325 0.019307254 -0.103035241 88.768394470
-0.105732754 0.018297952 0.994226336 42.073116302 0.023978036 0.999586999 -0.015846627 -2.346866608 -0.994105399 0.022164086 -0.106127821 88.671157837
-0.108403362 0.017064583 0.993960619 42.771522522 0.025545260 0.999570370 -0.014374875 -2.368786812 -0.993778646 0.023832697 -0.108792700 88.592987061
-0.110238291 0.016291799 0.993771672 43.460437775 0.025710540 0.999577880 -0.013534933 -2.391994953 -0.993572593 0.024058346 -0.110610627 88.516288757
-0.111055911 0.017124038 0.993666649 44.123611450 0.027071511 0.999532700 -0.014199514 -2.407407045 -0.993445396 0.025323119 -0.111467592 88.444740295
-0.110025130 0.017808655 0.993769169 44.774543762 0.027368110 0.999514639 -0.014881553 -2.432770252 -0.993551910 0.025560236 -0.110459119 88.368499756
-0.107416779 0.019646123 0.994019926 45.407131195 0.028390648 0.999457657 -0.016685614 -2.451352596 -0.993808627 0.026428554 -0.107916273 88.307762146
-0.101924129 0.020042650 0.994590282 46.026363373 0.028403342 0.999448001 -0.017229812 -2.472472668 -0.994386613 0.026493551 -0.102437139 88.244094849
-0.094002992 0.020716781 0.995356381 46.619716644 0.027998300 0.999442995 -0.018157639 -2.494220257 -0.995178103 0.026161412 -0.094530657 88.195732117
-0.082527258 0.020777659 0.996372104 47.211849213 0.027065646 0.999460518 -0.018600279 -2.512733936 -0.996221185 0.025432425 -0.083045110 88.149581909
-0.069235548 0.021169472 0.997375607 47.766582489 0.026087718 0.999471307 -0.019403007 -2.535536289 -0.997259140 0.024675874 -0.069751203 88.125541687
-0.052115314 0.022248814 0.998393118 48.297805786 0.025266962 0.999461055 -0.020953698 -2.559781313 -0.998321414 0.024134353 -0.052649390 88.111213684
-0.030563563 0.024751237 0.999226272 48.827533722 0.023344157 0.999438286 -0.024042459 -2.582143068 -0.999260187 0.022591274 -0.031124191 88.110519409
-0.005996672 0.027762169 0.999596477 49.345291138 0.021712029 0.999382555 -0.027625971 -2.605584860 -0.999746263 0.021537613 -0.006595747 88.126815796
0.022020860 0.029409513 0.999324858 49.884166718 0.019048594 0.999373376 -0.029830690 -2.630260229 -0.999575973 0.019692630 0.021446854 88.158805847
0.055307653 0.029127356 0.998044431 50.382961273 0.017193275 0.999398410 -0.030119656 -2.646190166 -0.998321235 0.018825505 0.054773584 88.202301025
0.093582980 0.026595613 0.995256186 50.893318176 0.016423006 0.999465823 -0.028252346 -2.669726610 -0.995476007 0.018989040 0.093096226 88.269599915
0.135769606 0.022532711 0.990484178 51.379199982 0.014067228 0.999596715 -0.024668265 -2.695625544 -0.990640521 0.017282568 0.135397881 88.360557556
0.181164250 0.018546287 0.983277977 51.865524292 0.011325319 0.999716461 -0.020942984 -2.712252617 -0.983387589 0.014930059 0.180902839 88.474082947
0.229679853 0.015366801 0.973144829 52.367588043 0.007127298 0.999821961 -0.017470228 -2.728875160 -0.973240077 0.010948453 0.229529440 88.617866516
0.281666011 0.013979794 0.959410667 52.831241608 0.003467548 0.999872446 -0.015587385 -2.745310545 -0.959506273 0.007717239 0.281581610 88.783195496
0.336789072 0.013888217 0.941477656 53.289352417 0.002513347 0.999874353 -0.015648739 -2.757107735 -0.941576719 0.007636583 0.336711884 88.976806641
0.395548999 0.013994887 0.918338180 53.735496521 0.004710543 0.999839783 -0.017265858 -2.775018930 -0.918432832 0.011155364 0.395419717 89.187034607
0.451211691 0.017827827 0.892238855 54.115585327 0.005037084 0.999733627 -0.022522973 -2.790433168 -0.892402649 0.014656910 0.451001734 89.466247559
0.511236548 0.020697001 0.859190881 54.512535095 0.006815039 0.999580979 -0.028133938 -2.807668447 -0.859413028 0.020238513 0.510881245 89.732925415
0.570261955 0.025092604 0.821079612 54.882083893 0.002949244 0.999464393 -0.032592461 -2.818138361 -0.821457624 0.021007804 0.569882512 90.022392273
0.626695991 0.028123626 0.778756201 55.233303070 -0.001259106 0.999383807 -0.035078011 -2.829785824 -0.779262841 0.021002710 0.626345217 90.346260071
0.676433563 0.028424984 0.735954881 55.512271881 -0.003201038 0.999359012 -0.035656359 -2.858697891 -0.736496627 0.021763338 0.676090956 90.700996399
0.726577878 0.026040547 0.686590493 55.826030731 -0.003438807 0.999406815 -0.034265753 -2.881649971 -0.687075496 0.022535684 0.726236463 91.057548523
0.771762013 0.023003314 0.635495186 56.087032318 -0.005835607 0.999559700 -0.029094610 -2.896562815 -0.635884583 0.018745614 0.771556437 91.438568115
0.813320339 0.018779567 0.581513047 56.328994751 -0.006663368 0.999714077 -0.022965509 -2.902095079 -0.581777990 0.014803479 0.813212872 91.836395264
0.849050701 0.017634567 0.528016865 56.533290863 -0.009855516 0.999797642 -0.017543307 -2.900715351 -0.528219283 0.009691279 0.849052668 92.258544922
0.880338371 0.014455893 0.474125952 56.722595215 -0.010709150 0.999886453 -0.010601777 -2.907639742 -0.474225342 0.004255663 0.880393207 92.690597534
0.905877054 0.015814478 0.423245311 56.884323120 -0.014918027 0.999873936 -0.005430866 -2.917279482 -0.423277885 -0.001394289 0.905998886 93.131752014
0.925734997 0.017847378 0.377751648 57.012851715 -0.018626895 0.999825239 -0.001590177 -2.931771994 -0.377714008 -0.005564257 0.925905585 93.568504333
0.940667808 0.023741482 0.338497251 57.119091034 -0.025606487 0.999671638 0.001044364 -2.939797401 -0.338361263 -0.009650126 0.940966845 94.019897461
0.952462375 0.028013486 0.303365707 57.228183746 -0.029536787 0.999563575 0.000433199 -2.946403503 -0.303221166 -0.009373058 0.952874124 94.469146729
0.961622000 0.029310836 0.272807598 57.333438873 -0.030821411 0.999524057 0.001252363 -2.955795527 -0.272641093 -0.009612615 0.962067783 94.900840759
0.967689097 0.024642657 0.250939131 57.445003510 -0.025706772 0.999668956 0.000963015 -2.958474636 -0.250832409 -0.007382734 0.968002379 95.371780396
0.971707582 0.021388173 0.235216677 57.551654816 -0.022475759 0.999745429 0.001943461 -2.968921900 -0.235115275 -0.007175149 0.971941054 95.855026245
0.974546075 0.026390083 0.222628444 57.646522522 -0.027428934 0.999622464 0.001574983 -2.972479105 -0.222502902 -0.007641354 0.974902034 96.354484558
0.976443350 0.031765707 0.213422462 57.732997894 -0.032998111 0.999452889 0.002213694 -2.972935200 -0.213235438 -0.009204087 0.976957440 96.857589722
0.977475882 0.040002964 0.207221210 57.824161530 -0.041010048 0.999158561 0.000564757 -2.972224236 -0.207024336 -0.009050190 0.978293955 97.370796204
0.977788389 0.045691855 0.204553545 57.915142059 -0.046107236 0.998932660 -0.002737528 -2.980523825 -0.204460368 -0.006754677 0.978851557 97.888069153
0.977950811 0.047211800 0.203428462 58.022701263 -0.047300927 0.998870730 -0.004426664 -3.000749111 -0.203407794 -0.005293296 0.979079783 98.410408020
0.977659583 0.044219747 0.205490485 58.153507233 -0.043453414 0.999021411 -0.008242840 -3.001053810 -0.205653906 -0.000870572 0.978624403 98.920181274
0.976872504 0.043221887 0.209408715 58.273929596 -0.041009568 0.999047577 -0.014897260 -3.006440639 -0.209853202 0.005964964 0.977714717 99.467231750
0.975964725 0.043756604 0.213491052 58.397300720 -0.040488951 0.998986661 -0.019656479 -3.012995958 -0.214134812 0.010540002 0.976747274 100.027046204
0.974756777 0.048263900 0.217990324 58.517208099 -0.045138374 0.998794258 -0.019297991 -3.025565624 -0.218658924 0.008971120 0.975760162 100.608680725
0.973317564 0.051538110 0.223599687 58.644618988 -0.049335659 0.998663008 -0.015429152 -3.036934853 -0.224095970 0.003986028 0.974559009 101.202255249
0.972466469 0.047900185 0.228066921 58.795013428 -0.046723891 0.998852074 -0.010557286 -3.051248312 -0.228310779 -0.000389570 0.973588228 101.789108276
0.971801877 0.043734893 0.231707245 58.947792053 -0.043798860 0.999028504 -0.004870714 -3.063673496 -0.231695175 -0.005415145 0.972773373 102.402549744
0.970915914 0.041321278 0.235827714 59.096927643 -0.042472523 0.999097586 -0.000198177 -3.072947502 -0.235623106 -0.009823784 0.971794903 103.032569885
0.970436931 0.036423247 0.238590717 59.257980347 -0.037615404 0.999292195 0.000443902 -3.080816746 -0.238405704 -0.009405465 0.971120059 103.664001465
0.970434308 0.033101555 0.239084676 59.415473938 -0.033370115 0.999438822 -0.002925594 -3.086657286 -0.239047363 -0.005139187 0.970994294 104.308128357
0.970602214 0.032509439 0.238483757 59.582714081 -0.031032903 0.999468923 -0.009944382 -3.095274925 -0.238680363 0.002251194 0.971095562 104.951850891
0.970744073 0.034658723 0.237602279 59.739154816 -0.031604052 0.999361634 -0.016654579 -3.104688883 -0.238027826 0.008658138 0.971219778 105.611412048
0.971306682 0.037452109 0.234862998 59.896022797 -0.033533867 0.999224126 -0.020656250 -3.111910582 -0.235454336 0.012187690 0.971809030 106.286888123
0.971923053 0.035860147 0.232550725 60.055648804 -0.032975208 0.999323606 -0.016282599 -3.124400854 -0.232977301 0.008157021 0.972447932 106.980949402
0.972386360 0.031708714 0.231212750 60.230915070 -0.030639168 0.999496758 -0.008216000 -3.141514063 -0.231356904 0.000904960 0.972868502 107.679420471
0.972989202 0.032199454 0.228594035 60.398952484 -0.032529250 0.999467969 -0.002326058 -3.155760050 -0.228547335 -0.005172764 0.973519027 108.401168823
0.973255515 0.035476100 0.226969764 60.553264618 -0.035761934 0.999356210 -0.002853983 -3.170690536 -0.226924896 -0.005339224 0.973897696 109.125701904
0.973510981 0.041449305 0.224851444 60.711494446 -0.040745705 0.999139249 -0.007770645 -3.175151348 -0.224980026 -0.001596922 0.974362075 109.858306885
0.974394739 0.042330608 0.220823333 60.873817444 -0.040437393 0.999096274 -0.013089062 -3.184765816 -0.221177861 0.003824393 0.975226045 110.595115662
0.975328505 0.040847745 0.216946438 61.041793823 -0.038277484 0.999138415 -0.016038191 -3.197553158 -0.217414647 0.007338340 0.976051688 111.356330872
0.976246893 0.038902443 0.213139653 61.207584381 -0.036669917 0.999223411 -0.014419340 -3.212487936 -0.213535085 0.006261020 0.976915240 112.129768372
0.977091849 0.035318833 0.209866554 61.372142792 -0.033444386 0.999362648 -0.012474991 -3.227339268 -0.210173413 0.005170354 0.977650404 112.905883789
0.977548003 0.033730686 0.207995325 61.539031982 -0.032466471 0.999427736 -0.009489907 -3.245630980 -0.208196402 0.002523966 0.978083730 113.692703247
0.977888346 0.030502642 0.206891164 61.706428528 -0.029628882 0.999534070 -0.007321228 -3.255387545 -0.207018092 0.001029389 0.978336513 114.493827820
0.978140831 0.025549212 0.206367731 61.880764008 -0.024817934 0.999673128 -0.006131924 -3.267127275 -0.206456959 0.000876264 0.978455305 115.290443420
0.978209734 0.026255915 0.205951855 62.044292450 -0.025856292 0.999655068 -0.004632032 -3.277804375 -0.206002370 -0.000794051 0.978551149 116.103248596
0.977991939 0.031332951 0.206276193 62.208625793 -0.030628838 0.999509037 -0.006606715 -3.288025856 -0.206381917 0.000143315 0.978471458 116.918586731
0.977642655 0.037397046 0.206920594 62.367969513 -0.036132429 0.999298155 -0.009888787 -3.303000212 -0.207145169 0.002191158 0.978307784 117.737449646
0.977118611 0.046080984 0.207643196 62.530105591 -0.044673286 0.998935819 -0.011466062 -3.313943863 -0.207950592 0.001927600 0.978137434 118.571144104
0.976135075 0.052025307 0.210839823 62.686634064 -0.050829519 0.998645842 -0.011090768 -3.327522039 -0.211131334 0.000109202 0.977457702 119.402023315
0.975420892 0.054080792 0.213610083 62.862953186 -0.053423807 0.998532712 -0.008851347 -3.351977825 -0.213775337 -0.002778076 0.976878881 120.230491638
0.974901557 0.054503847 0.215862021 63.047126770 -0.053681873 0.998511195 -0.009673622 -3.369519711 -0.216067910 -0.002157049 0.976375937 121.060836792
0.974474669 0.053181320 0.218107641 63.223827362 -0.051664896 0.998584211 -0.012653886 -3.382415295 -0.218471810 0.001062383 0.975842714 121.893783569
0.974519134 0.047058642 0.219312698 63.418457031 -0.045671377 0.998891532 -0.011394016 -3.399708271 -0.219605774 0.001087374 0.975588083 122.733566284
0.974822164 0.040017240 0.219362944 63.615997314 -0.038203247 0.999191701 -0.012506744 -3.427959204 -0.219686106 0.003811476 0.975563109 123.562126160
0.974544227 0.039171979 0.220745996 63.801055908 -0.037336037 0.999224842 -0.012484846 -3.449745178 -0.221063897 0.003925256 0.975251377 124.402503967
0.973990560 0.041675951 0.222722441 63.985099792 -0.040522572 0.999131083 -0.009748132 -3.465437412 -0.222935185 0.000469304 0.974833131 125.245819092
0.973568857 0.043719072 0.224170044 64.164215088 -0.043946475 0.999025941 -0.003977174 -3.482867241 -0.224125564 -0.005979429 0.974541962 126.086311340
0.973260999 0.047425088 0.224752948 64.352752686 -0.048714686 0.998812616 0.000192730 -3.501442671 -0.224476963 -0.011136344 0.974415779 126.907684326
0.972993195 0.046796791 0.226040348 64.537399292 -0.046617307 0.998893917 -0.006134815 -3.521041393 -0.226077452 -0.004568257 0.974098623 127.732414246
0.973275006 0.042746454 0.225629225 64.728294373 -0.039118819 0.999023616 -0.020526426 -3.541098118 -0.226286352 0.011151508 0.973997056 128.538345337
