1.000000000 -0.000000000 0.000000000 -0.000000015 -0.000000000 0.999999940 0.000000000 -0.000000060 0.000000000 0.000000000 0.999999940 -0.000000007
0.999991536 -0.002395347 -0.003353161 -0.003291343 0.002388028 0.999994695 -0.002184883 -0.005362683 0.003358376 0.002176857 0.999991953 0.664812088
0.999970973 -0.001153432 -0.007535005 -0.010620542 0.001125433 0.999992430 -0.003719042 -0.008507875 0.007539238 0.003710453 0.999964654 1.364359617
0.999935329 -0.000965989 -0.011327622 -0.027919995 0.000907788 0.999986291 -0.005142001 -0.010862068 0.011332435 0.005131387 0.999922633 2.063532591
0.999868095 0.000392454 -0.016239218 -0.048465531 -0.000488521 0.999982357 -0.005912200 -0.013305169 0.016236613 0.005919353 0.999850690 2.791734695
0.999789834 -0.000636718 -0.020493200 -0.064889863 0.000516707 0.999982655 -0.005860891 -0.027953850 0.020496581 0.005849071 0.999772787 3.530506372
0.999689698 0.001172836 -0.024885315 -0.091644131 -0.001354745 0.999972403 -0.007294303 -0.031051762 0.024876075 0.007325753 0.999663651 4.283658504
0.999563158 0.003908809 -0.029296350 -0.128908187 -0.004144023 0.999959648 -0.007972374 -0.038662486 0.029264005 0.008090295 0.999538958 5.048246384
0.999410152 0.004405034 -0.034058336 -0.152996585 -0.004618555 0.999970138 -0.006193171 -0.048668738 0.034030039 0.006346818 0.999400556 5.841145992
0.999244750 0.003702588 -0.038680431 -0.186470523 -0.003844843 0.999985993 -0.003603953 -0.055052657 0.038666554 0.003749952 0.999245048 6.642721176
0.999125421 0.003306640 -0.041684445 -0.229957014 -0.003343958 0.999993980 -0.000825582 -0.064573310 0.041681472 0.000964250 0.999130428 7.447445393
0.999016404 0.004660301 -0.044097908 -0.274168938 -0.004733935 0.999987543 -0.001565528 -0.073405795 0.044090062 0.001772745 0.999025941 8.264618874
0.998919547 0.004219901 -0.046282619 -0.319339246 -0.004309229 0.999989033 -0.001830473 -0.078584239 0.046274383 0.002027937 0.998926699 9.084268570
0.998858094 0.001353387 -0.047757041 -0.364653230 -0.001469551 0.999996006 -0.002397384 -0.084860906 0.047753599 0.002464828 0.998856068 9.914947510
0.998736441 0.000860851 -0.050248351 -0.399496287 -0.000932016 0.999998689 -0.001392843 -0.094644964 0.050247073 0.001437915 0.998735785 10.767457962
0.998662233 -0.000574566 -0.051706046 -0.446332902 0.000484785 0.999998391 -0.001748913 -0.101828389 0.051706970 0.001721507 0.998660803 11.617115021
0.998573661 0.001755972 -0.053363144 -0.500828683 -0.001974095 0.999989867 -0.004035082 -0.111185655 0.053355515 0.004134670 0.998566985 12.474355698
0.998485088 0.002073948 -0.054984465 -0.548090100 -0.002449056 0.999974132 -0.006755561 -0.119563833 0.054969039 0.006879986 0.998464346 13.347284317
0.998371065 0.005597206 -0.056778617 -0.605232656 -0.006045490 0.999951839 -0.007726602 -0.138138577 0.056732636 0.008057272 0.998356879 14.226688385
0.998309970 0.006635423 -0.057734642 -0.661215842 -0.007089505 0.999945462 -0.007663727 -0.146674708 0.057680637 0.008060084 0.998302579 15.117859840
0.998232305 0.005798276 -0.059150025 -0.718962312 -0.006171759 0.999962091 -0.006133431 -0.162898526 0.059112221 0.006487648 0.998230219 16.012636185
0.998162210 0.006542463 -0.060246438 -0.782491863 -0.006838447 0.999965549 -0.004708004 -0.175070286 0.060213558 0.005111342 0.998172402 16.909378052
0.998120070 0.005918106 -0.061002124 -0.844052911 -0.006211448 0.999970078 -0.004620231 -0.189672440 0.060972948 0.004990456 0.998126864 17.813064575
0.997999430 0.006215320 -0.062916726 -0.901622474 -0.006560522 0.999964535 -0.005281566 -0.205367103 0.062881663 0.005683768 0.998004735 18.721403122
0.997950792 0.004816222 -0.063804217 -0.966513336 -0.005210690 0.999968290 -0.006017525 -0.218040690 0.063773215 0.006337658 0.997944236 19.635311127
0.997916460 0.004403118 -0.064368829 -1.024696231 -0.004691350 0.999979556 -0.004327381 -0.227942005 0.064348459 0.004620342 0.997916758 20.554519653
0.997901976 0.006576092 -0.064408630 -1.086892366 -0.006659210 0.999977231 -0.001075881 -0.238315269 0.064400099 0.001502534 0.997923017 21.482570648
0.997969866 0.007653385 -0.063226670 -1.153531313 -0.007501354 0.999968290 0.002641601 -0.246712252 0.063244894 -0.002161953 0.997995675 22.414091110
0.998069227 0.006504749 -0.061769433 -1.212056279 -0.006163988 0.999964774 0.005705617 -0.255622923 0.061804373 -0.005313855 0.998074114 23.345298767
0.998160422 0.006200086 -0.060309861 -1.271363378 -0.005818739 0.999961913 0.006496697 -0.262194782 0.060347848 -0.006133818 0.998158455 24.296035767
0.998236716 0.006624890 -0.058988892 -1.328312159 -0.006415728 0.999972463 0.003734469 -0.269517481 0.059012003 -0.003349427 0.998251617 25.244049072
0.998292208 0.007238601 -0.057968929 -1.388306141 -0.007318701 0.999972582 -0.001169590 -0.274799883 0.057958867 0.001591849 0.998317599 26.182630539
0.998364627 0.006804099 -0.056759208 -1.444866896 -0.007031044 0.999968052 -0.003799635 -0.288836569 0.056731537 0.004192498 0.998380661 27.136129379
0.998410821 0.004402041 -0.056181621 -1.495180726 -0.004583585 0.999984682 -0.003102897 -0.295095533 0.056167096 0.003355479 0.998415709 28.092029572
0.998435676 0.002590052 -0.055853311 -1.559860826 -0.002483796 0.999994993 0.001971748 -0.306572706 0.055858139 -0.001829935 0.998437047 29.065738678
0.998389244 -0.001124967 -0.056725081 -1.613808632 0.001452822 0.999982417 0.005738814 -0.321766257 0.056717630 -0.005811983 0.998373330 30.021356583
0.998279154 -0.008486019 -0.058024459 -1.661046386 0.008800409 0.999947906 0.005164855 -0.328037828 0.057977606 -0.005666606 0.998301864 30.998598099
0.998192310 -0.010731827 -0.059135150 -1.718283892 0.010831540 0.999940395 0.001365901 -0.336401463 0.059116967 -0.002003956 0.998249054 31.963991165
0.998109698 -0.010483569 -0.060556851 -1.779293299 0.010343485 0.999943078 -0.002626301 -0.343022048 0.060580935 0.001994969 0.998161256 32.944026947
0.997999847 -0.009320428 -0.062525846 -1.845978737 0.009136069 0.999953032 -0.003233793 -0.353115022 0.062553048 0.002656084 0.998038113 33.925003052
0.997939408 -0.009948579 -0.063388027 -1.908728838 0.009850437 0.999949813 -0.001860577 -0.361995161 0.063403346 0.001232343 0.997987211 34.920825958
0.997887254 -0.006105539 -0.064682223 -1.980387330 0.006178734 0.999980450 0.000931622 -0.378706545 0.064675272 -0.001329308 0.997905433 35.915763855
0.997826397 -0.005587508 -0.065661006 -2.047397614 0.005763110 0.999980271 0.002485262 -0.394685596 0.065645829 -0.002858272 0.997838855 36.907257080
0.997747719 -0.004930049 -0.066895232 -2.115453959 0.005265271 0.999974489 0.004835771 -0.398461550 0.066869669 -0.005177104 0.997748256 37.903156281
0.997777104 -0.004355786 -0.066496447 -2.182786465 0.004893406 0.999956667 0.007924207 -0.409849644 0.066459037 -0.008231989 0.997755170 38.891723633
0.997760594 0.001279522 -0.066873126 -2.263401508 -0.000600885 0.999948084 0.010167248 -0.412627637 0.066882662 -0.010104300 0.997709632 39.880973816
0.997747362 0.001501245 -0.067066193 -2.334048033 -0.000870547 0.999955058 0.009432346 -0.416102648 0.067077346 -0.009352716 0.997703910 40.873817444
0.997733951 0.001392111 -0.067267470 -2.396719694 -0.000876666 0.999969959 0.007691533 -0.416193396 0.067276165 -0.007615135 0.997705281 41.862388611
0.997739494 0.004092516 -0.067076392 -2.474668741 -0.003718182 0.999976814 0.005704599 -0.430207461 0.067098178 -0.005442303 0.997731566 42.860977173
0.997672558 0.003891070 -0.068077229 -2.542376995 -0.003490492 0.999975860 0.006002129 -0.440633953 0.068098947 -0.005750536 0.997662067 43.858840942
0.997582257 0.001840275 -0.069471970 -2.613629580 -0.001339772 0.999972761 0.007250286 -0.447310388 0.069483422 -0.007139680 0.997557640 44.847911835
0.997533441 0.001888543 -0.070168346 -2.682979822 -0.001308423 0.999964595 0.008312592 -0.452694833 0.070181556 -0.008200280 0.997500479 45.832668304
0.997509837 0.004302484 -0.070397213 -2.756708145 -0.003982695 0.999981105 0.004682361 -0.461643994 0.070416018 -0.004390331 0.997507989 46.806488037
0.997469902 0.004880404 -0.070922643 -2.840975285 -0.004855292 0.999988019 0.000526453 -0.469402969 0.070924364 -0.000180772 0.997481644 47.773368835
0.997417212 0.005638706 -0.071602806 -2.908851862 -0.005718027 0.999983251 -0.000902858 -0.473742604 0.071596496 0.001309952 0.997432828 48.738246918
0.997434199 0.004469816 -0.071448050 -2.984293699 -0.004256240 0.999985993 0.003141195 -0.491113931 0.071461104 -0.002829036 0.997439384 49.719108582
0.997426927 0.002701807 -0.071639821 -3.055347919 -0.002300367 0.999981165 0.005685487 -0.494987428 0.071653835 -0.005506061 0.997414410 50.689266205
0.997384489 0.000413041 -0.072277620 -3.114346981 0.000065292 0.999978065 0.006615505 -0.504722953 0.072278768 -0.006602921 0.997362614 51.640922546
0.997369051 -0.002960953 -0.072431505 -3.185658455 0.003361525 0.999979675 0.005409073 -0.513011038 0.072414011 -0.005638322 0.997358739 52.597911835
0.997324109 -0.005707261 -0.072883554 -3.251042604 0.006037656 0.999972463 0.004313680 -0.523422360 0.072856940 -0.004742183 0.997331083 53.548076630
0.997253895 -0.007121336 -0.073714778 -3.324183464 0.007545187 0.999956608 0.005473012 -0.533186138 0.073672600 -0.006014173 0.997264385 54.501022339
0.997142076 -0.010329822 -0.074840158 -3.395284414 0.011063950 0.999894559 0.009401331 -0.535173714 0.074735150 -0.010202490 0.997151196 55.456600189
0.997095227 -0.010713954 -0.075407818 -3.463629484 0.011838709 0.999825001 0.014484465 -0.540907383 0.075239457 -0.015335124 0.997047544 56.395126343
0.997101784 -0.008823267 -0.075565301 -3.547196627 0.010116746 0.999808609 0.016751738 -0.540466011 0.075403027 -0.017467665 0.997000098 57.340518951
0.996992469 -0.007753058 -0.077109449 -3.621847630 0.008756324 0.999881268 0.012681353 -0.542908609 0.077001989 -0.013318410 0.996941924 58.272624969
0.996899009 -0.006034798 -0.078460254 -3.697052002 0.006434260 0.999967575 0.004839470 -0.546778679 0.078428522 -0.005329298 0.996905446 59.184131622
0.996820688 -0.004634645 -0.079543024 -3.773296833 0.004670758 0.999988914 0.000267951 -0.556821585 0.079540886 -0.000638626 0.996831417 60.113082886
0.996773958 0.000660795 -0.080257945 -3.860677004 -0.000580856 0.999999225 0.001019354 -0.565728545 0.080258563 -0.000969448 0.996773601 61.015068054
0.996659219 0.002908201 -0.081621669 -3.942143917 -0.002630075 0.999990225 0.003514795 -0.578535199 0.081631079 -0.003288382 0.996657193 61.911945343
0.996566951 0.005614492 -0.082599975 -4.016421318 -0.005229705 0.999974430 0.004874051 -0.591464520 0.082625218 -0.004425345 0.996570885 62.795623779
0.996462941 0.006387726 -0.083790883 -4.092589855 -0.006026713 0.999971390 0.004560741 -0.599441111 0.083817631 -0.004039625 0.996473014 63.661506653
0.996327937 0.007975553 -0.085248299 -4.172702312 -0.007524708 0.999955893 0.005608620 -0.610007346 0.085289270 -0.004946555 0.996343970 64.509727478
0.996196985 0.009076651 -0.086655647 -4.251772404 -0.008573568 0.999944091 0.006175929 -0.620031357 0.086706854 -0.005409494 0.996219218 65.352447510
0.996081650 0.008602383 -0.088019513 -4.323977470 -0.008026151 0.999943912 0.006898477 -0.633304477 0.088073924 -0.006164987 0.996094763 66.169357300
0.995992184 0.008368110 -0.089048646 -4.399786472 -0.007716855 0.999940932 0.007655251 -0.636659861 0.089107454 -0.006937394 0.995997727 66.973037720
0.995821476 0.011146405 -0.090640061 -4.475225449 -0.010233451 0.999892175 0.010530821 -0.643934369 0.090747662 -0.009559257 0.995828032 67.774032593
0.995690167 0.012836209 -0.091849066 -4.554482937 -0.011533646 0.999825478 0.014698363 -0.649094641 0.092021696 -0.013575661 0.995664477 68.561454773
0.995507896 0.015547094 -0.093393207 -4.635149002 -0.014077027 0.999766767 0.016378853 -0.650147378 0.093626074 -0.014990581 0.995494545 69.333663940
0.995337784 0.018695308 -0.094621636 -4.720401287 -0.017612128 0.999769628 0.012269772 -0.657914221 0.094829224 -0.010546080 0.995437622 70.087173462
0.995206237 0.018655136 -0.096003309 -4.793094158 -0.018273337 0.999821186 0.004854669 -0.663229883 0.096076712 -0.003077096 0.995369136 70.810501099
0.995054483 0.017981503 -0.097689360 -4.861179829 -0.018132191 0.999835372 -0.000654908 -0.675030947 0.097661480 0.002422991 0.995216668 71.518112183
0.995009661 0.018483916 -0.098050684 -4.935043812 -0.018770831 0.999821782 -0.002004456 -0.678226233 0.097996138 0.003834946 0.995179355 72.213439941
0.994882405 0.021284068 -0.098772749 -5.013465405 -0.021229347 0.999773324 0.001605096 -0.687999845 0.098784514 0.000499999 0.995108604 72.893753052
0.994739950 0.021779617 -0.100090668 -5.084855080 -0.021484818 0.999761045 0.004022431 -0.704861045 0.100154355 -0.001850843 0.994970143 73.545761108
0.994724870 0.018410476 -0.100913920 -5.150670528 -0.018448867 0.999829650 0.000552904 -0.713329375 0.100906916 0.001311760 0.994894922 74.175819397
0.994829297 0.010200035 -0.101048253 -5.199684620 -0.010701464 0.999933004 -0.004421418 -0.728456616 0.100996390 0.005479919 0.994871676 74.791320801
0.994960845 0.006130042 -0.100076586 -5.252720833 -0.007100180 0.999931276 -0.009340667 -0.734521031 0.100012444 0.010004159 0.994935870 75.390029907
0.995254338 0.008570768 -0.096930005 -5.312995434 -0.009553338 0.999907613 -0.009677367 -0.744732618 0.096838087 0.010557447 0.995244145 75.970977783
0.995586097 0.013597192 -0.092862949 -5.375610828 -0.014248616 0.999878228 -0.006355450 -0.762123644 0.092765234 0.007650565 0.995658576 76.540672302
0.996022701 0.012080955 -0.088277377 -5.423670769 -0.012431386 0.999916852 -0.003420925 -0.769852221 0.088228703 0.004504729 0.996090055 77.095565796
0.996553302 0.008495715 -0.082519911 -5.460520267 -0.008480762 0.999963880 0.000531714 -0.776778579 0.082521461 0.000169951 0.996589243 77.641578674
0.997255325 0.003925380 -0.073935755 -5.495155811 -0.003625249 0.999984622 0.004193109 -0.792786658 0.073951088 -0.003913564 0.997254193 78.169395447
0.997939706 0.007594064 -0.063708112 -5.518177986 -0.007351305 0.999964774 0.004044006 -0.801846802 0.063736580 -0.003567335 0.997960329 78.684967041
0.998730838 0.012761727 -0.048723463 -5.542826176 -0.012604614 0.999914348 0.003530499 -0.808841348 0.048764348 -0.002911877 0.998806000 79.188659668
0.999374270 0.017844971 -0.030541021 -5.558777332 -0.017730212 0.999834716 0.004024242 -0.813610911 0.030607788 -0.003480224 0.999525368 79.682708740
0.999832273 0.016414111 -0.008122117 -5.552326202 -0.016378563 0.999855995 0.004424155 -0.818022847 0.008193560 -0.004290384 0.999957204 80.164512634
0.999754906 0.013031282 0.017899597 -5.516883373 -0.013131005 0.999898851 0.005465076 -0.825909257 -0.017826566 -0.005698778 0.999824882 80.618087769
0.998811603 0.011831784 0.047281079 -5.469697475 -0.012183161 0.999900162 0.007150398 -0.835819364 -0.047191750 -0.007717933 0.998856068 81.069648743
0.996687412 0.011262120 0.080543943 -5.415956497 -0.011991587 0.999891341 0.008578788 -0.843003333 -0.080438569 -0.009516221 0.996714175 81.521240234
0.992923141 0.011406288 0.118210725 -5.341003895 -0.012521107 0.999883831 0.008692375 -0.844429255 -0.118097827 -0.010110987 0.992950499 81.965629578
0.987095714 0.011438322 0.159722596 -5.252744198 -0.013000126 0.999877334 0.008736698 -0.850564241 -0.159603104 -0.010700371 0.987123251 82.365074158
0.978756726 0.011079470 0.204725474 -5.136093140 -0.013138387 0.999875844 0.008700388 -0.857916832 -0.204603642 -0.011205324 0.978780746 82.779563904
0.967169285 0.013403756 0.253779382 -5.002460003 -0.015550593 0.999858201 0.006455204 -0.864358962 -0.253656864 -0.010189693 0.967240572 83.184860229
0.951620877 0.014599164 0.306927860 -4.848210812 -0.016411033 0.999859810 0.003323133 -0.870186806 -0.306836307 -0.008199366 0.951726973 83.568183899
0.931658030 0.015073802 0.363023758 -4.673253536 -0.016521467 0.999863088 0.000883188 -0.874683321 -0.362960756 -0.006820515 0.931779444 83.937263489
0.907527983 0.015063515 0.419721395 -4.485293388 -0.016174933 0.999868691 -0.000910918 -0.882044077 -0.419680029 -0.005962284 0.907652497 84.252738953
0.878397584 0.015434244 0.477681249 -4.267065048 -0.015690783 0.999870837 -0.003453143 -0.882767558 -0.477672905 -0.004461962 0.878526390 84.578155518
0.844703794 0.014294569 0.535043120 -4.024524689 -0.013368940 0.999894857 -0.005607533 -0.891950607 -0.535067081 -0.002416256 0.844806075 84.887268066
0.807726979 0.013926977 0.589392126 -3.763615370 -0.011990999 0.999902129 -0.007194125 -0.900044799 -0.589434743 -0.001256512 0.807814956 85.174362183
0.767589211 0.012592680 0.640818477 -3.487782240 -0.011152669 0.999917865 -0.006290361 -0.910594404 -0.640845060 -0.002318423 0.767666638 85.444076538
0.724727333 0.012115587 0.688929260 -3.197494984 -0.012668717 0.999910593 -0.004257530 -0.919564009 -0.688919246 -0.005642302 0.724816084 85.693435669
0.681836069 0.010417132 0.731430769 -2.888290167 -0.011059548 0.999931037 -0.003931496 -0.929787576 -0.731421351 -0.005408657 0.681904316 85.873069763
0.635290444 0.009234902 0.772218049 -2.568312407 -0.007824934 0.999954104 -0.005520943 -0.935525358 -0.772233665 -0.002535153 0.635333538 86.077407837
0.588335693 0.006663553 0.808589280 -2.234146595 -0.002127871 0.999975324 -0.006692504 -0.942550540 -0.808614016 0.002216865 0.588335335 86.262100220
0.541778982 0.008581516 0.840477109 -1.900361419 -0.004184607 0.999962986 -0.007512479 -0.954912364 -0.840510547 0.000553037 0.541794896 86.427902222
0.494280487 0.011640382 0.869224489 -1.564811230 -0.008013164 0.999928892 -0.008834085 -0.964046359 -0.869265616 -0.002598723 0.494338483 86.587768555
0.449228168 0.013925847 0.893308520 -1.218227267 -0.008460608 0.999899983 -0.011332827 -0.969719231 -0.893377006 -0.002466910 0.449301004 86.720054626
0.405299574 0.011264249 0.914114654 -0.873356104 -0.001610770 0.999931276 -0.011607552 -0.982397258 -0.914182484 0.003232107 0.405289918 86.850784302
0.365802497 0.003610753 0.930685520 -0.504233956 0.013424865 0.999867916 -0.009155752 -0.987382114 -0.930595636 0.015843522 0.365705699 86.937889099
0.330449313 0.000071383 0.943823814 -0.136122033 0.017675515 0.999824047 -0.006264131 -0.991181791 -0.943658233 0.018752549 0.330389917 87.027214050
0.297326595 0.004151051 0.954766870 0.228220612 0.015067822 0.999845505 -0.009039355 -0.998458683 -0.954656959 0.017073898 0.297218114 87.120788574
0.266389698 0.011679449 0.963794708 0.596583962 0.004292386 0.999902189 -0.013303411 -1.014323354 -0.963855922 0.007680871 0.266313493 87.219474792
0.237494677 0.016231742 0.971253216 0.984497309 -0.000552316 0.999862373 -0.016574811 -1.030679464 -0.971388698 0.003399990 0.237470970 87.317749023
0.211750239 0.017687079 0.977163792 1.375667810 0.000841942 0.999832451 -0.018279843 -1.046631813 -0.977323413 0.004693476 0.211699888 87.382537842
0.188250944 0.019245831 0.981932402 1.781915307 0.007850334 0.999746501 -0.021100013 -1.056806684 -0.982089579 0.011680595 0.188052133 87.435234070
0.168394610 0.025163045 0.985398412 2.194231749 0.014851071 0.999495745 -0.028060935 -1.060540318 -0.985607803 0.019359535 0.167936012 87.475250244
0.148693070 0.032411162 0.988352180 2.617320299 0.017682001 0.999215782 -0.035427582 -1.052763820 -0.988725245 0.022743881 0.148003355 87.525253296
0.131000862 0.033013023 0.990832567 3.057537079 0.015593385 0.999253094 -0.035355233 -1.066641688 -0.991259634 0.020081995 0.130388245 87.580574036
0.115778066 0.028643465 0.992862046 3.519517183 0.013330932 0.999449134 -0.030388027 -1.092496276 -0.993185639 0.016754040 0.115332477 87.627922058
0.100779332 0.025537824 0.994581044 3.991822958 0.013097725 0.999549806 -0.026992578 -1.114265680 -0.994822621 0.015747042 0.100399494 87.675483704
0.087790526 0.022962596 0.995874226 4.483603001 0.015885267 0.999574840 -0.024448276 -1.129873276 -0.996012270 0.017966056 0.087388434 87.705352783
0.076167315 0.022206696 0.996847689 4.979485512 0.019676389 0.999523699 -0.023769747 -1.144447327 -0.996900916 0.021424839 0.075694084 87.730659485
0.065881930 0.022784397 0.997567177 5.493188858 0.022904087 0.999441326 -0.024339840 -1.160416842 -0.997564495 0.024451926 0.065323263 87.757934570
0.058101248 0.023347149 0.998037636 6.025721073 0.025091115 0.999376535 -0.024839155 -1.174327850 -0.997995377 0.026485061 0.057479210 87.782661438
0.052593768 0.023800779 0.998332381 6.576348305 0.026784357 0.999322653 -0.025235428 -1.190435529 -0.998256624 0.028066922 0.051920660 87.804634094
0.047223676 0.024969544 0.998572290 7.136620045 0.028127201 0.999257863 -0.026316857 -1.205359101 -0.998488188 0.029329821 0.046486311 87.823532104
0.041399110 0.025614519 0.998814344 7.719540596 0.028625315 0.999230623 -0.026811659 -1.222873569 -0.998732448 0.029701354 0.040634032 87.843109131
0.036534969 0.025514463 0.999006629 8.329408646 0.030532619 0.999178827 -0.026635477 -1.241615772 -0.998865724 0.031475410 0.035725936 87.866142273
0.033799354 0.025603527 0.999100685 8.953577995 0.031689998 0.999141693 -0.026676644 -1.258638024 -0.998926044 0.032563146 0.032958966 87.880851746
0.030825259 0.024993578 0.999212265 9.590105057 0.033052728 0.999114990 -0.026010811 -1.280878186 -0.998978078 0.033828478 0.029971873 87.894599915
0.028400054 0.024410026 0.999298632 10.245055199 0.035049379 0.999062717 -0.025400368 -1.301066637 -0.998981893 0.035746168 0.027517878 87.910598755
0.027722059 0.024003932 0.999327421 10.922007561 0.039653495 0.998898268 -0.025093643 -1.321923733 -0.998828828 0.040322468 0.026739672 87.923873901
0.028940964 0.023620391 0.999302030 11.611641884 0.043117266 0.998760641 -0.024856329 -1.340950489 -0.998650670 0.043806531 0.027886650 87.936981201
0.031411301 0.023371560 0.999233305 12.315817833 0.045001868 0.998679698 -0.024773268 -1.363697171 -0.998492837 0.045745522 0.030318063 87.957908630
0.035093255 0.023519687 0.999107361 13.053102493 0.047225896 0.998567104 -0.025165766 -1.384113550 -0.998267531 0.048066884 0.033932235 87.982688904
0.039530937 0.022951169 0.998954773 13.796339035 0.047780853 0.998549044 -0.024832651 -1.406035542 -0.998075247 0.048712566 0.038376950 88.012443542
0.043581650 0.021491507 0.998818696 14.550879478 0.049157120 0.998511374 -0.023629781 -1.425665021 -0.997839689 0.050128877 0.042460311 88.045066833
0.047256596 0.020031679 0.998681903 15.314821243 0.048819866 0.998557627 -0.022339296 -1.447358251 -0.997688890 0.049811196 0.046210490 88.089576721
0.051461726 0.017765686 0.998517096 16.101245880 0.045743477 0.998750389 -0.020127375 -1.468715429 -0.997626781 0.046711419 0.050584756 88.135200500
0.055176351 0.016762678 0.998335958 16.895904541 0.045022681 0.998800278 -0.019258801 -1.489346981 -0.997461081 0.046010394 0.054355450 88.192687988
0.059304472 0.017469490 0.998087108 17.698463440 0.042325310 0.998903692 -0.019998675 -1.514219522 -0.997342169 0.043430354 0.058500055 88.248191833
0.062619828 0.021736745 0.997800708 18.501567841 0.039837752 0.998911560 -0.024261072 -1.539064646 -0.997242033 0.041269362 0.061685733 88.292022705
0.063923977 0.027184673 0.997584462 19.302391052 0.034069035 0.998986840 -0.029405989 -1.561486721 -0.997373044 0.035866488 0.062933058 88.353576660
0.063704997 0.030125136 0.997514009 20.111808777 0.031200845 0.998995423 -0.032162484 -1.593309641 -0.997480929 0.033172190 0.062701076 88.412818909
0.063862897 0.029671658 0.997517467 20.932777405 0.028883819 0.999084175 -0.031567458 -1.629015207 -0.997540593 0.030828100 0.062947385 88.475059509
0.063936569 0.027896585 0.997564018 21.745094299 0.026001429 0.999223292 -0.029609490 -1.663395524 -0.997615159 0.027831217 0.063161567 88.534835815
0.063656762 0.026911963 0.997608960 22.563301086 0.026992690 0.999224126 -0.028677925 -1.692792058 -0.997606814 0.028753690 0.062880956 88.593292236
0.063999467 0.025752116 0.997617602 23.395544052 0.024480194 0.999325693 -0.027366664 -1.736912489 -0.997649610 0.026173320 0.063325897 88.652366638
0.064283222 0.025703177 0.997600615 24.209011078 0.022629917 0.999373674 -0.027207078 -1.775055289 -0.997675002 0.024324577 0.063661300 88.708274841
0.064163007 0.026841197 0.997578382 25.018013000 0.019644665 0.999410570 -0.028154012 -1.802942634 -0.997746050 0.021403542 0.063597903 88.769500732
0.062769324 0.028004713 0.997635067 25.826532364 0.016769882 0.999435544 -0.029110378 -1.839014888 -0.997887135 0.018557461 0.062264260 88.830017090
0.059871644 0.027606595 0.997824371 26.650417328 0.013954560 0.999496639 -0.028490169 -1.871660113 -0.998108506 0.015629951 0.059456274 88.886077881
0.056048315 0.026628727 0.998072863 27.460453033 0.011243401 0.999564052 -0.027299901 -1.902557492 -0.998364806 0.012751845 0.055724476 88.937210083
0.051113281 0.023945784 0.998405695 28.275041580 0.009637722 0.999654114 -0.024469126 -1.935882330 -0.998646379 0.010873054 0.050864816 88.985786438
0.045312483 0.021849610 0.998734057 29.089477539 0.007562590 0.999724567 -0.022214398 -1.964741111 -0.998944223 0.008559603 0.045134772 89.020027161
0.037657760 0.022255987 0.999042869 29.893392563 0.007374990 0.999718428 -0.022549033 -1.993083835 -0.999263525 0.008217077 0.037483022 89.054145813
0.028914651 0.023172483 0.999313235 30.695508957 0.007118495 0.999701083 -0.023387445 -2.022722483 -0.999556541 0.007789846 0.028741052 89.078330994
0.019141195 0.023438906 0.999541998 31.495248795 0.007999445 0.999689698 -0.023595557 -2.051726103 -0.999784768 0.008447430 0.018947754 89.089607239
0.009039460 0.022516962 0.999705613 32.293346405 0.009496324 0.999699473 -0.022602690 -2.078324556 -0.999914050 0.009697844 0.008822912 89.093215942
-0.001939957 0.021550292 0.999765933 33.088275909 0.008288440 0.999733746 -0.021533521 -2.109184265 -0.999963760 0.008244726 -0.002118058 89.095268250
-0.013038618 0.020843612 0.999697745 33.874385834 0.009420841 0.999740839 -0.020721640 -2.134836197 -0.999870539 0.009147812 -0.013231603 89.080650330
-0.023939248 0.020989437 0.999493122 34.656318665 0.009559616 0.999738634 -0.020765631 -2.163116932 -0.999667645 0.009057656 -0.024133641 89.058479309
-0.035003975 0.021961788 0.999145865 35.430664062 0.009980054 0.999716341 -0.021624688 -2.190071821 -0.999337256 0.009214580 -0.035213225 89.030441284
-0.045572676 0.023088798 0.998694301 36.202236176 0.009543120 0.999697268 -0.022676518 -2.219108343 -0.998915374 0.008497230 -0.045779213 88.991157532
-0.056067538 0.023886638 0.998141170 36.970748901 0.010024353 0.999676824 -0.023360295 -2.248197556 -0.998376608 0.008695966 -0.056288864 88.951499939
-0.065495551 0.024516018 0.997551680 37.731319427 0.010983102 0.999655247 -0.023846606 -2.276073217 -0.997792423 0.009394364 -0.065742239 88.898719788
-0.075359233 0.025069417 0.996841311 38.489856720 0.011287755 0.999641299 -0.024286505 -2.305275440 -0.997092545 0.009421887 -0.075615183 88.840431213
-0.084422499 0.025554085 0.996102333 39.240829468 0.012627864 0.999618232 -0.024574034 -2.330788851 -0.996349990 0.010504041 -0.084712967 88.775817871
-0.092733160 0.024709282 0.995384395 39.974700928 0.013768220 0.999628246 -0.023531936 -2.360307693 -0.995595753 0.011522479 -0.093038879 88.700904846
-0.100533508 0.023858972 0.994647503 40.703525543 0.015524104 0.999628305 -0.022409357 -2.386231184 -0.994812489 0.013188120 -0.100866534 88.631263733
-0.105865546 0.022206776 0.994132459 41.425670624 0.018458521 0.999622166 -0.020363750 -2.414324522 -0.994209111 0.016194396 -0.106235452 88.552841187
-0.108907826 0.020621525 0.993838131 42.157405853 0.021172343 0.999606133 -0.018421080 -2.439098120 -0.993826330 0.019035682 -0.109301545 88.453071594
-0.111659557 0.019562857 0.993554056 42.855934143 0.022743665 0.999594688 -0.017125772 -2.461127043 -0.993486226 0.020684805 -0.112059221 88.373664856
-0.113594688 0.018730154 0.993350565 43.545886993 0.022755796 0.999609053 -0.016245920 -2.485639334 -0.993266463 0.020759033 -0.113976493 88.296211243
-0.114212029 0.019521721 0.993264616 44.209911346 0.023927087 0.999570966 -0.016894376 -2.502992392 -0.993168235 0.021836387 -0.114630125 88.220481873
-0.113240451 0.020160077 0.993363082 44.861804962 0.024249522 0.999552369 -0.017521312 -2.531183720 -0.993271649 0.022104455 -0.113678634 88.142929077
-0.110464036 0.022105554 0.993634284 45.494194031 0.025303343 0.999491096 -0.019422833 -2.549637556 -0.993557930 0.022996742 -0.110967167 88.078330994
-0.105155766 0.022368247 0.994204223 46.110301971 0.025368080 0.999481916 -0.019803841 -2.574493647 -0.994132221 0.023138557 -0.105668738 88.015579224
-0.097137645 0.023072647 0.995003462 46.699840546 0.024868572 0.999475420 -0.020748537 -2.597789288 -0.994960248 0.022728847 -0.097660460 87.964088440
-0.086196221 0.023061562 0.996011198 47.294933319 0.023878762 0.999492586 -0.021075675 -2.621182203 -0.995991945 0.021966873 -0.086703159 87.921333313
-0.072788864 0.023373729 0.997073531 47.848491669 0.022990603 0.999498904 -0.021752222 -2.646139383 -0.997082353 0.021340000 -0.073289767 87.893936157
-0.055740416 0.024560561 0.998143196 48.380138397 0.022025669 0.999484360 -0.023363557 -2.670135975 -0.998202324 0.020682478 -0.056252629 87.878158569
-0.034364689 0.027096698 0.999041915 48.910808563 0.020054901 0.999449790 -0.026417917 -2.693149805 -0.999208093 0.019127844 -0.034889199 87.877258301
-0.009726565 0.030203789 0.999496400 49.427848816 0.018216288 0.999383152 -0.030023094 -2.716675282 -0.999786735 0.017915094 -0.010270755 87.891662598
0.018958762 0.031732347 0.999316573 49.970092773 0.016080415 0.999357283 -0.032038711 -2.742201328 -0.999690890 0.016676843 0.018436305 87.909324646
0.052144896 0.031329021 0.998147964 50.465190887 0.013914260 0.999387980 -0.032094844 -2.761186361 -0.998542607 0.015562076 0.051677059 87.952835083
0.090521157 0.029017126 0.995471716 50.977058411 0.013093634 0.999454379 -0.030323863 -2.783118248 -0.995808363 0.015779294 0.090091825 88.017341614
0.132796362 0.025278807 0.990820944 51.462223053 0.010757247 0.999579072 -0.026944011 -2.805197716 -0.991084874 0.014236573 0.132468522 88.105934143
0.178297430 0.021154350 0.983749151 51.949077606 0.007934517 0.999705493 -0.022935543 -2.825060368 -0.983944595 0.011894924 0.178077042 88.216789246
0.226806015 0.017907567 0.973775387 52.457317352 0.004249339 0.999803305 -0.019375946 -2.842650175 -0.973930657 0.008532483 0.226685271 88.362068176
0.278929263 0.016399106 0.960171759 52.923507690 0.000560163 0.999851227 -0.017239535 -2.860705614 -0.960311472 0.005346462 0.278878510 88.525444031
0.334504992 0.016334649 0.942252398 53.382022858 -0.000628030 0.999853313 -0.017110253 -2.872867823 -0.942393780 0.005131701 0.334466189 88.713447571
0.392918140 0.016374310 0.919427693 53.825626373 0.001488695 0.999828696 -0.018442390 -2.891847610 -0.919572294 0.008615095 0.392826498 88.926345825
0.448999345 0.019856803 0.893311501 54.215335846 0.002267385 0.999724507 -0.023361826 -2.909622669 -0.893529177 0.012514924 0.448830545 89.203300476
0.509069681 0.022768669 0.860424161 54.614105225 0.003963212 0.999577522 -0.028795797 -2.928093672 -0.860716105 0.018069109 0.508764327 89.471160889
0.568068802 0.027334001 0.822527051 54.983219147 -0.000077415 0.999450028 -0.033159997 -2.936780691 -0.822981060 0.018773479 0.567758501 89.760795593
0.624567151 0.029935813 0.780397236 55.334594727 -0.004389376 0.999383867 -0.034823168 -2.955449104 -0.780958831 0.018323949 0.624313653 90.083557129
0.674611628 0.031088546 0.737517834 55.614967346 -0.006548070 0.999325395 -0.036134947 -2.974947691 -0.738143742 0.019547734 0.674360156 90.436149597
0.724674702 0.028451152 0.688503563 55.925262451 -0.006617095 0.999388456 -0.034333169 -2.998817682 -0.689059377 0.020324485 0.724419892 90.792335510
0.770008326 0.025774021 0.637513041 56.184482574 -0.009305171 0.999531090 -0.029170975 -3.011975050 -0.637965918 0.016529726 0.769887149 91.169792175
0.811728597 0.020958330 0.583658695 56.431350708 -0.009873683 0.999705493 -0.022166044 -3.022849560 -0.583951414 0.012229951 0.811696470 91.571357727
0.847617388 0.019817486 0.530237734 56.638309479 -0.012973598 0.999777555 -0.016627314 -3.020780087 -0.530449212 0.007214509 0.847685933 91.993003845
0.879041851 0.016763950 0.476449877 56.829315186 -0.013865939 0.999857724 -0.009597701 -3.025881290 -0.476543009 0.001830357 0.879149199 92.424682617
0.904647768 0.017959990 0.425781459 56.989128113 -0.017879147 0.999831378 -0.004186722 -3.035488844 -0.425784886 -0.003825102 0.904816270 92.863021851
0.924660444 0.019991532 0.380267471 57.120605469 -0.021560878 0.999767423 -0.000132511 -3.049909592 -0.380181760 -0.008076373 0.924876451 93.302185059
0.939881027 0.025637241 0.340538234 57.236461639 -0.028290935 0.999595702 0.002828577 -3.058459282 -0.340328038 -0.012292671 0.940226316 93.753570557
0.951627612 0.030197699 0.305766106 57.341918945 -0.032393172 0.999472916 0.002107695 -3.062597036 -0.305541307 -0.011910477 0.952104270 94.199668884
0.960822344 0.031343400 0.275387079 57.446178436 -0.033493508 0.999434054 0.003107074 -3.072241068 -0.275133938 -0.012209028 0.961328387 94.633781433
0.966999292 0.026552681 0.253391653 57.560867310 -0.028201198 0.999598086 0.002875089 -3.073305845 -0.253213525 -0.009926157 0.967359424 95.103935242
0.971029937 0.023443529 0.237805218 57.666244507 -0.025069844 0.999678373 0.003816469 -3.083053350 -0.237639293 -0.009667644 0.971305370 95.591903687
0.973892272 0.028527467 0.225210860 57.762435913 -0.030070378 0.999541938 0.003423066 -3.085066319 -0.225010067 -0.010105874 0.974304020 96.087997437
0.975809216 0.033813160 0.215993375 57.850608826 -0.035536755 0.999359787 0.004099982 -3.084138632 -0.215716526 -0.011676502 0.976386189 96.592414856
0.976840019 0.041989151 0.209810495 57.943359375 -0.043488026 0.999050677 0.002533490 -3.082763672 -0.209504977 -0.011599061 0.977738738 97.104934692
0.977143884 0.047663953 0.207166567 58.035701752 -0.048572406 0.998819351 -0.000702101 -3.090386391 -0.206955492 -0.009376527 0.978305399 97.621841431
0.977247000 0.049175214 0.206325173 58.141365051 -0.049675405 0.998761475 -0.002758601 -3.105788946 -0.206205338 -0.007553453 0.978479624 98.145866394
0.976962030 0.046628676 0.208257064 58.274559021 -0.046376679 0.998905420 -0.006095298 -3.113077641 -0.208313346 -0.003703394 0.978055120 98.648429871
0.976182699 0.045674462 0.212087750 58.397624969 -0.043972161 0.998951495 -0.012738655 -3.117943525 -0.212447196 0.003109301 0.977167606 99.193824768
0.975254118 0.046225116 0.216200978 58.522140503 -0.043482229 0.998902142 -0.017428882 -3.124087095 -0.216769278 0.007596688 0.976193249 99.754280090
0.974014759 0.050662007 0.220746145 58.643512726 -0.048058383 0.998697162 -0.017152919 -3.133981228 -0.221327558 0.006098493 0.975180387 100.336807251
0.972557485 0.053901166 0.226333156 58.772563934 -0.052249733 0.998545706 -0.013285322 -3.144037247 -0.226720080 0.001094893 0.973959327 100.929893494
0.971684158 0.050485361 0.230827048 58.924247742 -0.049908977 0.998718917 -0.008339234 -3.159094095 -0.230952367 -0.003417239 0.972959042 101.515609741
0.971005797 0.046346918 0.234520540 59.078109741 -0.047031444 0.998889744 -0.002676347 -3.169895649 -0.234384239 -0.008431093 0.972107470 102.129318237
0.970130503 0.043799341 0.238596931 59.229740143 -0.045564607 0.998959541 0.001885339 -3.177642345 -0.238266155 -0.012700601 0.971116841 102.758155823
0.969651759 0.038873255 0.241380304 59.391834259 -0.040685806 0.999168754 0.002527636 -3.184147120 -0.241081417 -0.012271680 0.970427275 103.389602661
0.969646215 0.035631105 0.241902277 59.550853729 -0.036528457 0.999332249 -0.000775686 -3.189061165 -0.241768390 -0.008084176 0.970300317 104.033454895
0.969817638 0.035311222 0.241261035 59.719127655 -0.034434568 0.999376178 -0.007850152 -3.194902182 -0.241387665 -0.000694503 0.970428526 104.673194885
0.969954193 0.037505824 0.240379468 59.877246857 -0.035045352 0.999280512 -0.014503960 -3.203261614 -0.240750492 0.005643995 0.970570624 105.332427979
0.970491350 0.040359590 0.237734452 60.034896851 -0.037015475 0.999143183 -0.018515639 -3.208397627 -0.238278031 0.009169412 0.971153736 106.009086609
0.971118212 0.038753599 0.235430628 60.197669983 -0.036461022 0.999235868 -0.014084907 -3.219981194 -0.235796556 0.005094068 0.971789122 106.704200745
0.971610069 0.034567881 0.234048828 60.372978210 -0.034091771 0.999400139 -0.006080952 -3.235044718 -0.234118655 -0.002070824 0.972205758 107.398254395
0.972203255 0.034963712 0.231513351 60.541236877 -0.035906218 0.999355137 -0.000142643 -3.249066353 -0.231369019 -0.008174092 0.972831726 108.118415833
0.972468078 0.038303815 0.229866847 60.698932648 -0.039193913 0.999231339 -0.000694066 -3.261285067 -0.229716748 -0.008334424 0.973221838 108.844215393
0.972715616 0.044353064 0.227721542 60.858329773 -0.044250205 0.999004960 -0.005559715 -3.264523029 -0.227741554 -0.004668701 0.973710418 109.576293945
0.973614454 0.045125376 0.223693058 61.023357391 -0.043800533 0.998980939 -0.010883467 -3.272327900 -0.223956242 0.000798426 0.974598825 110.313308716
0.974543333 0.043880228 0.219863251 61.191909790 -0.041880112 0.999027967 -0.013752155 -3.284254551 -0.220253006 0.004194174 0.975433707 111.072677612
0.975470543 0.041979652 0.216090277 61.360206604 -0.040296976 0.999113321 -0.012188968 -3.296802282 -0.216410369 0.003182195 0.976297319 111.846405029
0.976364195 0.038351417 0.212702245 61.528972626 -0.037009474 0.999261916 -0.010288539 -3.309033155 -0.212939844 0.002173365 0.977062881 112.624679565
0.976810455 0.036676772 0.210940912 61.699119568 -0.035947893 0.999327004 -0.007290228 -3.325778246 -0.211066380 -0.000461712 0.977471650 113.414527893
0.977157772 0.033361826 0.209879965 61.868644714 -0.033023976 0.999441504 -0.005115058 -3.333516598 -0.209933400 -0.001932853 0.977713823 114.215644836
0.977408528 0.028490122 0.209429756 62.043823242 -0.028345173 0.999591291 -0.003694126 -3.346440077 -0.209449440 -0.002325653 0.977816701 115.008918762
0.977502167 0.029317237 0.208877936 62.211990356 -0.029482089 0.999562562 -0.002324847 -3.352715969 -0.208854705 -0.003885615 0.977938950 115.820037842
0.977263510 0.034366734 0.209224969 62.376087189 -0.034204390 0.999405205 -0.004395243 -3.360059261 -0.209251568 -0.002861101 0.977857649 116.633575439
0.976892829 0.040397637 0.209877193 62.538135529 -0.039683398 0.999183297 -0.007614997 -3.372989893 -0.210013404 -0.000889603 0.977698088 117.453514099
0.976340830 0.049031161 0.210605592 62.703598022 -0.048175741 0.998796582 -0.009193536 -3.382623196 -0.210802898 -0.001170056 0.977527857 118.283699036
0.975354671 0.054978259 0.213683873 62.864028931 -0.054352269 0.998482883 -0.008807967 -3.394235373 -0.213843927 -0.003023310 0.976863146 119.113792419
0.974600017 0.057330314 0.216490358 63.044319153 -0.057247031 0.998337805 -0.006661085 -3.417766333 -0.216512382 -0.005901534 0.976262033 119.946228027
0.974065185 0.057822756 0.218754619 63.230106354 -0.057596423 0.998312354 -0.007416982 -3.434380770 -0.218814313 -0.005374859 0.975751698 120.776123047
0.973633587 0.056497458 0.221010745 63.408992767 -0.055569101 0.998400390 -0.010420981 -3.445239305 -0.221245989 -0.002135153 0.975215673 121.609527588
0.973681808 0.050264556 0.222299799 63.605663300 -0.049446847 0.998733997 -0.009246147 -3.459787369 -0.222483113 -0.001989219 0.974934518 122.447166443
0.973984063 0.043403964 0.222421169 63.803901672 -0.042181604 0.999057293 -0.010245599 -3.488318920 -0.222656220 0.000596968 0.974896848 123.270866394
0.973719656 0.042538073 0.223742262 63.992496490 -0.041286737 0.999094427 -0.010270101 -3.507423162 -0.223976538 0.000762613 0.974594295 124.111000061
0.973152757 0.045136631 0.225691050 64.179473877 -0.044619888 0.998976648 -0.007392730 -3.523380280 -0.225793779 -0.002876054 0.974170864 124.953147888
0.972726345 0.047134928 0.227116436 64.362174988 -0.048017342 0.998845160 -0.001641273 -3.538397551 -0.226931497 -0.009309017 0.973866224 125.791877747
0.972404182 0.050826702 0.227698907 64.554916382 -0.052768148 0.998603761 0.002442841 -3.553761244 -0.227256820 -0.014390677 0.973728538 126.618698120
0.972163558 0.050299387 0.228840694 64.743568420 -0.050717551 0.998704791 -0.004057372 -3.570380926 -0.228748396 -0.007661808 0.973455429 127.444114685
0.972401738 0.046318974 0.228668764 64.933219910 -0.043279406 0.998895407 -0.018292153 -3.589902878 -0.229263440 0.007890677 0.973332405 128.248825073
