1.000000000 0.000000000 0.000000000 0.000000000 0.000000000 1.000000000 0.000000000 0.000000000 0.000000000 0.000000000 1.000000000 0.000000000
1.000000000 -0.000031144 -0.000033661 -0.000008283 0.000031144 1.000000000 -0.000009512 0.000004636 0.000033662 0.000009511 1.000000000 -0.000083778
1.000000000 -0.000012776 0.000034773 -0.000074023 0.000012776 1.000000000 -0.000012728 0.000001150 -0.000034773 0.000012728 1.000000000 -0.000102646
1.000000000 0.000102458 0.000067390 -0.000047970 -0.000102457 1.000000000 -0.000010546 0.000045541 -0.000067391 0.000010539 1.000000000 0.000127416
1.000000000 0.000020644 0.000099553 -0.000048630 -0.000020630 1.000000000 -0.000146932 0.000056638 -0.000099556 0.000146930 1.000000000 0.000216051
1.000000000 -0.000039415 0.000013057 -0.000026019 0.000039417 1.000000000 -0.000113163 0.000044881 -0.000013053 0.000113163 1.000000000 0.000090265
1.000000000 -0.000047767 -0.000002141 -0.000038355 0.000047767 1.000000000 -0.000094012 0.000041066 0.000002145 0.000094012 1.000000000 0.000078075
1.000000000 -0.000084834 -0.000016046 0.000004744 0.000084833 1.000000000 -0.000057824 -0.000006804 0.000016051 0.000057823 1.000000000 0.000083305
1.000000000 0.000020113 -0.000003423 0.000010821 -0.000020113 1.000000000 0.000026185 -0.000038541 0.000003423 -0.000026184 1.000000000 0.000128279
1.000000000 -0.000041555 0.000004933 0.000026539 0.000041555 1.000000000 -0.000038590 -0.000027705 -0.000004931 0.000038590 1.000000000 0.000087654
1.000000000 -0.000144215 0.000076587 -0.000060329 0.000144217 1.000000000 -0.000033829 -0.000004421 -0.000076582 0.000033840 1.000000000 0.000013671
1.000000000 -0.000044704 0.000028155 -0.000083791 0.000044703 1.000000000 0.000023069 -0.000038336 -0.000028156 -0.000023068 1.000000000 -0.000071977
1.000000000 0.000069817 0.000015183 -0.000034010 -0.000069818 1.000000000 0.000097952 -0.000052246 -0.000015176 -0.000097954 1.000000000 -0.000032537
1.000000000 -0.000170789 0.000003632 0.000017253 0.000170790 0.999999940 -0.000177286 0.000085654 -0.000003602 0.000177286 1.000000000 0.000068801
1.000000000 -0.000054614 -0.000010512 0.000040493 0.000054613 1.000000000 -0.000115661 0.000093684 0.000010518 0.000115660 1.000000000 0.000186628
1.000000000 -0.000050802 -0.000032163 -0.000004780 0.000050802 1.000000000 -0.000014729 0.000011503 0.000032163 0.000014728 1.000000000 0.000143474
1.000000000 -0.000060786 -0.000004471 -0.000002054 0.000060786 1.000000000 0.000005004 -0.000004361 0.000004470 -0.000005004 1.000000000 0.000152230
1.000000000 -0.000115434 0.000066339 -0.000000308 0.000115442 1.000000000 -0.000116504 0.000002949 -0.000066326 0.000116511 1.000000000 0.000130914
1.000000000 -0.000121937 0.000032139 0.000026960 0.000121936 1.000000000 0.000012602 -0.000033994 -0.000032141 -0.000012598 1.000000000 0.000129530
1.000000000 -0.000161468 0.000088096 -0.000068909 0.000161464 1.000000000 0.000036967 -0.000053834 -0.000088102 -0.000036953 1.000000000 0.000113233
1.000000000 -0.000047615 0.000016838 0.000030758 0.000047614 1.000000000 0.000043723 -0.000040051 -0.000016841 -0.000043722 1.000000000 0.000127682
1.000000000 -0.000004589 0.000015305 0.000034667 0.000004588 1.000000000 0.000065247 -0.000028765 -0.000015306 -0.000065247 1.000000000 0.000089765
1.000000000 -0.000026688 0.000051595 -0.000035627 0.000026685 1.000000000 0.000046865 -0.000069962 -0.000051597 -0.000046864 1.000000000 0.000065078
1.000000000 -0.000027221 0.000035762 -0.000034821 0.000027219 1.000000000 0.000043406 -0.000071735 -0.000035763 -0.000043405 1.000000000 0.000148661
1.000000000 -0.000051308 0.000145723 -0.000059275 0.000051305 1.000000000 0.000021790 -0.000069322 -0.000145725 -0.000021782 1.000000000 0.000233123
1.000000000 -0.000083969 0.000163003 -0.000144864 0.000083960 1.000000000 0.000057500 -0.000080685 -0.000163008 -0.000057486 1.000000000 0.000044348
1.000000000 0.000168320 0.000132702 -0.000040593 -0.000168346 0.999999940 0.000196214 -0.000142874 -0.000132669 -0.000196237 1.000000000 0.000303940
1.000000000 0.000094454 0.000038846 -0.000019839 -0.000094457 1.000000000 0.000079925 -0.000063228 -0.000038839 -0.000079929 1.000000000 0.000242858
1.000000000 0.000065798 0.000167385 -0.000092201 -0.000065806 1.000000000 0.000048428 -0.000043481 -0.000167382 -0.000048439 1.000000000 0.000174170
1.000000000 -0.000032529 0.000083473 -0.000034332 0.000032514 1.000000000 0.000176184 -0.000113894 -0.000083479 -0.000176182 1.000000000 0.000186190
0.999999940 0.000179348 0.000224149 -0.000047944 -0.000179398 0.999999940 0.000224815 -0.000140758 -0.000224108 -0.000224855 0.999999940 0.000322623
1.000000000 0.000020959 0.000150752 -0.000011539 -0.000020951 1.000000000 -0.000052018 0.000037057 -0.000150753 0.000052015 1.000000000 0.000403410
1.000000000 -0.000069088 0.000087434 -0.000008493 0.000069082 1.000000000 0.000074899 -0.000067842 -0.000087439 -0.000074893 1.000000000 0.000295013
1.000000000 0.000003862 0.000071130 -0.000003504 -0.000003872 1.000000000 0.000138262 -0.000040684 -0.000071129 -0.000138262 1.000000000 0.000351372
1.000000000 -0.000025533 0.000110079 0.000013988 0.000025546 1.000000000 -0.000113042 0.000064813 -0.000110076 0.000113045 1.000000000 0.000426571
1.000000000 0.000146916 0.000123422 -0.000042980 -0.000146929 1.000000000 0.000106475 -0.000041448 -0.000123406 -0.000106493 1.000000000 0.000333756
1.000000000 0.000017793 0.000108572 0.000035851 -0.000017796 1.000000000 0.000028773 -0.000028048 -0.000108571 -0.000028775 1.000000000 0.000392165
1.000000000 0.000154935 0.000123128 0.000104635 -0.000154954 1.000000000 0.000149294 -0.000069345 -0.000123105 -0.000149313 1.000000000 0.000444015
1.000000000 0.000210420 0.000118105 0.000006544 -0.000210441 0.999999940 0.000182519 -0.000095011 -0.000118066 -0.000182544 1.000000000 0.000244498
1.000000000 0.000116097 0.000168349 -0.000011377 -0.000116119 1.000000000 0.000125007 -0.000083667 -0.000168334 -0.000125027 1.000000000 0.000328912
1.000000000 -0.000011900 0.000061086 -0.000007689 0.000011895 1.000000000 0.000075629 -0.000106691 -0.000061087 -0.000075629 1.000000000 0.000238264
1.000000000 -0.000015420 0.000021530 0.000055702 0.000015418 1.000000000 0.000083634 -0.000057878 -0.000021532 -0.000083634 1.000000000 0.000241249
1.000000000 -0.000076807 0.000043904 -0.000002407 0.000076811 1.000000000 -0.000079354 -0.000021043 -0.000043898 0.000079357 1.000000000 0.000259719
1.000000000 -0.000048306 0.000043423 0.000014883 0.000048307 1.000000000 -0.000026240 -0.000051036 -0.000043422 0.000026242 1.000000000 0.000255406
1.000000000 -0.000054837 0.000097044 -0.000109041 0.000054827 1.000000000 0.000095611 -0.000133854 -0.000097049 -0.000095605 1.000000000 0.000175260
1.000000000 -0.000046357 0.000058780 -0.000029770 0.000046347 1.000000000 0.000175844 -0.000118224 -0.000058789 -0.000175841 1.000000000 0.000196425
0.999999940 -0.000233811 0.000169940 -0.000058624 0.000233833 0.999999940 -0.000131951 -0.000006178 -0.000169909 0.000131991 1.000000000 0.000365525
1.000000000 -0.000230092 0.000045216 0.000057934 0.000230104 0.999999940 -0.000273766 0.000135709 -0.000045153 0.000273776 0.999999940 0.000262884
0.999999940 -0.000276047 0.000004552 0.000058568 0.000276051 0.999999702 -0.000698950 0.000438622 -0.000004359 0.000698951 0.999999762 0.000160346
0.999999881 -0.000468646 -0.000115890 0.000126046 0.000468537 0.999999464 -0.000935955 0.000787440 0.000116329 0.000935900 0.999999583 0.000020926
0.999999940 0.000196723 -0.000201928 0.000472536 -0.000196800 0.999999881 -0.000382773 0.000338022 0.000201853 0.000382813 0.999999881 0.000407009
1.000000000 0.000132359 -0.000179935 0.000451768 -0.000132424 0.999999940 -0.000361651 0.000352780 0.000179887 0.000361675 0.999999940 0.000402402
1.000000000 -0.000103387 -0.000149762 0.000322397 0.000103321 0.999999881 -0.000438628 0.000296719 0.000149808 0.000438613 0.999999881 0.000344874
0.999999940 -0.000354757 -0.000129796 0.000193224 0.000354682 0.999999762 -0.000575413 0.000409449 0.000130000 0.000575367 0.999999821 0.000287351
1.000000000 -0.000060940 -0.000067278 0.000191934 0.000060936 1.000000000 -0.000052899 0.000040803 0.000067281 0.000052895 1.000000000 0.000361997
1.000000000 -0.000151124 -0.000012773 -0.000102098 0.000151125 1.000000000 0.000058441 0.000154367 0.000012764 -0.000058443 1.000000000 -0.000184074
1.000000000 0.000008500 0.000168978 -0.000439052 -0.000008486 1.000000000 -0.000085222 0.000313173 -0.000168979 0.000085221 1.000000000 -0.000461576
1.000000000 -0.000115597 0.000151001 -0.000493851 0.000115583 1.000000000 0.000093435 0.000196619 -0.000151012 -0.000093417 1.000000000 -0.000702197
0.999999940 -0.000296315 0.000057972 -0.000399220 0.000296322 0.999999940 -0.000124015 0.000262008 -0.000057936 0.000124032 1.000000000 -0.000610886
0.999999940 -0.000170952 0.000194582 -0.000699344 0.000170951 1.000000000 0.000004675 0.000167979 -0.000194582 -0.000004642 1.000000000 -0.000802719
0.999999940 -0.000214121 0.000173487 -0.000746718 0.000214137 1.000000000 -0.000088098 0.000186683 -0.000173468 0.000088135 1.000000000 -0.000855367
0.999999821 -0.000535788 0.000134542 -0.000617564 0.000535797 0.999999881 -0.000065556 0.000071772 -0.000134507 0.000065628 1.000000000 -0.000822713
0.999999702 -0.000720628 0.000169156 -0.000596736 0.000720659 0.999999702 -0.000184618 0.000085964 -0.000169023 0.000184740 0.999999940 -0.000778196
0.999999821 -0.000630053 0.000020503 -0.000451341 0.000630058 0.999999762 -0.000228968 0.000067632 -0.000020358 0.000228981 1.000000000 -0.000703102
0.999999881 -0.000530188 -0.000017014 -0.000376392 0.000530184 0.999999821 -0.000276687 0.000085543 0.000017161 0.000276678 0.999999940 -0.000699146
0.999999762 -0.000708722 0.000078676 -0.000407623 0.000708745 0.999999702 -0.000285142 0.000015145 -0.000078474 0.000285197 0.999999940 -0.000698004
0.999999702 -0.000758108 0.000020258 -0.000399355 0.000758112 0.999999702 -0.000172295 -0.000129688 -0.000020127 0.000172310 1.000000000 -0.000783411
0.999999762 -0.000715045 0.000027695 -0.000425422 0.000715051 0.999999702 -0.000235087 -0.000183030 -0.000027527 0.000235107 1.000000000 -0.000699770
0.999999702 -0.000703510 0.000215107 -0.000436973 0.000703533 0.999999762 -0.000105670 -0.000203338 -0.000215033 0.000105821 1.000000000 -0.000592688
0.999999642 -0.000834110 0.000153525 -0.000469930 0.000834150 0.999999642 -0.000260600 -0.000139642 -0.000153307 0.000260728 0.999999940 -0.000670680
0.999999821 -0.000580813 0.000106393 -0.000424772 0.000580832 0.999999821 -0.000186125 -0.000145060 -0.000106285 0.000186187 1.000000000 -0.000745617
0.999999881 -0.000537168 0.000083502 -0.000443958 0.000537185 0.999999821 -0.000208928 -0.000132519 -0.000083390 0.000208973 1.000000000 -0.000828879
0.999999881 -0.000518534 0.000055256 -0.000390305 0.000518546 0.999999821 -0.000216334 -0.000156927 -0.000055144 0.000216363 1.000000000 -0.000784331
0.999999881 -0.000470452 -0.000039588 -0.000298405 0.000470445 0.999999881 -0.000179764 -0.000172214 0.000039673 0.000179745 1.000000000 -0.000707975
0.999999881 -0.000522377 0.000017947 -0.000273236 0.000522379 0.999999881 -0.000101424 -0.000185995 -0.000017894 0.000101433 1.000000000 -0.000613427
0.999999881 -0.000510187 -0.000025778 -0.000173357 0.000510186 0.999999881 -0.000017210 -0.000221076 0.000025787 0.000017197 1.000000000 -0.000568874
0.999999821 -0.000579013 -0.000006522 -0.000124750 0.000579011 0.999999821 -0.000186640 -0.000223849 0.000006630 0.000186636 1.000000000 -0.000533924
0.999999702 -0.000803258 -0.000005602 -0.000057004 0.000803256 0.999999642 -0.000289851 -0.000195455 0.000005835 0.000289847 0.999999940 -0.000408547
0.999999762 -0.000698548 -0.000064121 0.000058639 0.000698528 0.999999702 -0.000306220 -0.000206001 0.000064335 0.000306175 0.999999940 -0.000360158
0.999999702 -0.000732523 -0.000231618 0.000249790 0.000732458 0.999999702 -0.000280695 -0.000233649 0.000231824 0.000280526 0.999999940 -0.000417293
0.999999702 -0.000721806 -0.000277159 0.000312197 0.000721761 0.999999702 -0.000159535 -0.000290080 0.000277274 0.000159335 0.999999940 -0.000472280
0.999999642 -0.000756171 -0.000430004 0.000435147 0.000756135 0.999999702 -0.000084200 -0.000387126 0.000430068 0.000083874 0.999999881 -0.000473010
0.999999762 -0.000599070 -0.000324370 0.000410470 0.000599067 0.999999821 -0.000011078 -0.000363741 0.000324377 0.000010884 0.999999940 -0.000448504
0.999999762 -0.000622961 -0.000355746 0.000515937 0.000622938 0.999999821 -0.000066994 -0.000309018 0.000355788 0.000066772 0.999999940 -0.000372533
0.999999821 -0.000491294 -0.000374352 0.000566915 0.000491315 0.999999881 0.000057421 -0.000354698 0.000374324 -0.000057605 0.999999940 -0.000342146
0.999999762 -0.000582628 -0.000402168 0.000650509 0.000582624 0.999999821 -0.000009660 -0.000351531 0.000402173 0.000009426 0.999999940 -0.000300091
0.999999762 -0.000549851 -0.000476029 0.000749068 0.000549801 0.999999821 -0.000105129 -0.000254327 0.000476087 0.000104867 0.999999881 -0.000232191
0.999999642 -0.000642522 -0.000596687 0.000810029 0.000642391 0.999999762 -0.000220281 -0.000221620 0.000596828 0.000219898 0.999999821 -0.000308812
0.999999464 -0.000853755 -0.000535623 0.000875418 0.000853476 0.999999523 -0.000520805 -0.000140762 0.000536068 0.000520348 0.999999702 -0.000246825
0.999999344 -0.000990199 -0.000581150 0.000933637 0.000989879 0.999999344 -0.000550603 -0.000212204 0.000581695 0.000550027 0.999999702 -0.000236062
0.999999225 -0.001035829 -0.000669840 0.001099443 0.001035454 0.999999285 -0.000559737 -0.000239022 0.000670419 0.000559043 0.999999642 -0.000145396
0.999999106 -0.001085951 -0.000792134 0.001317373 0.001085433 0.999999225 -0.000654400 -0.000191606 0.000792844 0.000653539 0.999999464 -0.000058673
0.999999166 -0.001003995 -0.000796242 0.001360145 0.001003551 0.999999344 -0.000557750 -0.000193120 0.000796802 0.000556950 0.999999523 0.000020130
0.999999285 -0.000968387 -0.000718684 0.001282328 0.000968063 0.999999404 -0.000450543 -0.000243852 0.000719120 0.000449847 0.999999642 0.000113959
0.999999344 -0.000893949 -0.000691999 0.001375252 0.000893712 0.999999523 -0.000343644 -0.000302509 0.000692305 0.000343026 0.999999702 0.000183707
0.999999404 -0.000807650 -0.000763384 0.001445052 0.000807482 0.999999642 -0.000219976 -0.000335100 0.000763562 0.000219359 0.999999702 0.000217163
0.999999404 -0.000781977 -0.000779104 0.001477295 0.000781702 0.999999642 -0.000352719 -0.000254957 0.000779380 0.000352110 0.999999642 0.000307156
0.999999285 -0.000914274 -0.000803624 0.001550563 0.000913896 0.999999464 -0.000470232 -0.000258134 0.000804053 0.000469497 0.999999583 0.000423780
0.999999344 -0.000821670 -0.000768299 0.001514923 0.000821420 0.999999583 -0.000326236 -0.000327973 0.000768566 0.000325604 0.999999642 0.000411735
0.999999225 -0.000895210 -0.000867530 0.001629558 0.000894878 0.999999523 -0.000382783 -0.000310089 0.000867873 0.000382007 0.999999523 0.000502615
0.999999464 -0.000719479 -0.000773068 0.001585875 0.000719307 0.999999702 -0.000223108 -0.000338652 0.000773228 0.000222552 0.999999702 0.000560731
0.999999523 -0.000745097 -0.000636599 0.001543355 0.000745029 0.999999702 -0.000107197 -0.000410351 0.000636679 0.000106723 0.999999821 0.000588801
0.999999464 -0.000704362 -0.000740602 0.001643045 0.000704176 0.999999702 -0.000250800 -0.000327514 0.000740779 0.000250278 0.999999702 0.000709790
0.999999464 -0.000742143 -0.000743759 0.001650740 0.000741968 0.999999702 -0.000235295 -0.000302544 0.000743934 0.000234743 0.999999702 0.000677027
0.999999464 -0.000675449 -0.000752292 0.001666082 0.000675408 0.999999762 -0.000055233 -0.000388896 0.000752329 0.000054725 0.999999702 0.000668278
0.999999464 -0.000736705 -0.000750026 0.001668420 0.000736527 0.999999702 -0.000237195 -0.000327571 0.000750200 0.000236643 0.999999702 0.000704727
0.999999464 -0.000730598 -0.000773759 0.001706838 0.000730411 0.999999702 -0.000241953 -0.000321838 0.000773936 0.000241388 0.999999642 0.000691000
0.999999344 -0.000771296 -0.000875172 0.001795825 0.000771014 0.999999642 -0.000322492 -0.000295542 0.000875420 0.000321817 0.999999583 0.000763545
0.999999344 -0.000769168 -0.000877063 0.001781745 0.000768846 0.999999642 -0.000367411 -0.000283295 0.000877346 0.000366737 0.999999523 0.000743222
0.999999523 -0.000601863 -0.000778935 0.001660553 0.000601661 0.999999762 -0.000259008 -0.000232750 0.000779091 0.000258539 0.999999642 0.000744591
0.999999642 -0.000484751 -0.000694368 0.001653555 0.000484620 0.999999881 -0.000189313 -0.000258476 0.000694460 0.000188976 0.999999762 0.000761757
0.999999583 -0.000515587 -0.000737734 0.001656254 0.000515482 0.999999881 -0.000142426 -0.000220765 0.000737808 0.000142045 0.999999702 0.000783162
0.999999464 -0.000662687 -0.000794255 0.001762144 0.000662393 0.999999702 -0.000369993 -0.000168842 0.000794500 0.000369467 0.999999642 0.000816253
0.999999464 -0.000654235 -0.000828237 0.001810246 0.000654077 0.999999762 -0.000191356 -0.000283757 0.000828362 0.000190814 0.999999642 0.000699440
0.999999344 -0.000630309 -0.000927813 0.001905253 0.000630043 0.999999762 -0.000287392 -0.000276868 0.000927994 0.000286807 0.999999523 0.000751202
0.999999285 -0.000681055 -0.000979989 0.001978523 0.000680664 0.999999702 -0.000398812 -0.000243652 0.000980260 0.000398145 0.999999464 0.000771351
0.999999225 -0.000680189 -0.001056546 0.002039609 0.000679759 0.999999702 -0.000407795 -0.000254350 0.001056823 0.000407076 0.999999344 0.000746244
0.999998927 -0.001076779 -0.000996228 0.002033101 0.001076273 0.999999285 -0.000507960 -0.000233993 0.000996774 0.000506887 0.999999404 0.000791554
0.999999046 -0.001029920 -0.000905673 0.001912263 0.001029495 0.999999344 -0.000469977 -0.000249152 0.000906156 0.000469045 0.999999464 0.000740513
0.999999404 -0.000690157 -0.000857611 0.001861624 0.000690001 0.999999762 -0.000182282 -0.000312428 0.000857736 0.000181690 0.999999642 0.000727667
0.999999344 -0.000828581 -0.000812726 0.001824193 0.000828331 0.999999583 -0.000307835 -0.000328732 0.000812981 0.000307162 0.999999642 0.000828245
0.999999046 -0.001074602 -0.000844331 0.001900489 0.001074048 0.999999225 -0.000656381 -0.000202314 0.000845035 0.000655474 0.999999404 0.000839134
0.999999225 -0.000860242 -0.000887650 0.001933902 0.000859887 0.999999523 -0.000400044 -0.000295513 0.000887994 0.000399280 0.999999523 0.000925478
0.999999166 -0.001015856 -0.000832160 0.001957614 0.001015385 0.999999344 -0.000566076 -0.000249637 0.000832735 0.000565230 0.999999523 0.001029328
0.999999046 -0.001065427 -0.000863301 0.002065744 0.001064996 0.999999285 -0.000499473 -0.000283111 0.000863833 0.000498553 0.999999523 0.001106187
0.999999046 -0.001068305 -0.000884836 0.002113404 0.001067752 0.999999225 -0.000624769 -0.000236237 0.000885503 0.000623823 0.999999404 0.001108768
0.999998987 -0.001023169 -0.001000146 0.002231386 0.001022755 0.999999404 -0.000413616 -0.000356190 0.001000569 0.000412593 0.999999404 0.001032516
0.999998927 -0.001109244 -0.000984699 0.002264174 0.001108696 0.999999225 -0.000556676 -0.000336267 0.000985315 0.000555584 0.999999344 0.001106288
0.999998748 -0.001090815 -0.001123847 0.002396995 0.001090140 0.999999225 -0.000601223 -0.000330107 0.001124502 0.000599997 0.999999166 0.001050406
0.999998689 -0.001157153 -0.001127010 0.002414376 0.001156514 0.999999166 -0.000567783 -0.000348669 0.001127666 0.000566479 0.999999225 0.001093749
0.999998748 -0.001115771 -0.001099064 0.002421661 0.001115140 0.999999225 -0.000574896 -0.000352040 0.001099705 0.000573670 0.999999225 0.001173562
0.999998808 -0.001068877 -0.001093979 0.002467277 0.001068459 0.999999344 -0.000382417 -0.000431853 0.001094387 0.000381248 0.999999344 0.001228747
0.999999106 -0.000817610 -0.001042698 0.002473704 0.000817269 0.999999583 -0.000327355 -0.000418873 0.001042965 0.000326502 0.999999404 0.001215217
0.999999046 -0.000765883 -0.001167541 0.002520157 0.000765493 0.999999642 -0.000334385 -0.000419644 0.001167797 0.000333491 0.999999285 0.001184881
0.999999046 -0.000801802 -0.001127891 0.002467002 0.000801319 0.999999583 -0.000428780 -0.000380671 0.001128234 0.000427876 0.999999285 0.001170527
0.999998629 -0.001202531 -0.001111929 0.002511000 0.001201829 0.999999106 -0.000631082 -0.000391803 0.001112687 0.000629745 0.999999166 0.001219595
0.999998569 -0.001137110 -0.001228856 0.002536340 0.001136408 0.999999166 -0.000571394 -0.000462539 0.001229505 0.000569997 0.999999106 0.001136618
0.999998391 -0.001330795 -0.001200423 0.002472593 0.001330065 0.999998927 -0.000609178 -0.000462512 0.001201233 0.000607580 0.999999106 0.000912154
0.999997854 -0.001535293 -0.001406082 0.002624113 0.001534157 0.999998510 -0.000808949 -0.000312469 0.001407322 0.000806790 0.999998689 0.000728556
0.999997675 -0.001444941 -0.001585874 0.002900680 0.001443416 0.999998510 -0.000962381 -0.000254854 0.001587262 0.000960090 0.999998271 0.000916219
0.999997020 -0.001747593 -0.001709510 0.003306819 0.001745856 0.999997973 -0.001016566 -0.000437946 0.001711283 0.001013579 0.999998033 0.001351879
0.999997199 -0.001630688 -0.001707210 0.003081268 0.001629495 0.999998450 -0.000699910 -0.000803011 0.001708348 0.000697126 0.999998271 0.001040569
0.999998927 -0.000321154 -0.001384960 0.003372619 0.000320122 0.999999583 -0.000745325 0.000069731 0.001385199 0.000744881 0.999998748 0.001791833
0.999998689 -0.000625795 -0.001443588 0.003333221 0.000624641 0.999999464 -0.000800006 0.000005095 0.001444088 0.000799103 0.999998629 0.001579690
0.999998450 -0.000921260 -0.001542444 0.003280977 0.000919399 0.999998868 -0.001206877 0.000041508 0.001543554 0.001205457 0.999998093 0.001502975
0.999998391 -0.000975607 -0.001534641 0.003351491 0.000973764 0.999998808 -0.001200857 0.000004346 0.001535811 0.001199361 0.999998093 0.001632465
0.999998152 -0.001045223 -0.001604422 0.003548425 0.001043163 0.999998689 -0.001283867 -0.000085130 0.001605761 0.001282191 0.999997914 0.001861544
0.999998212 -0.000992779 -0.001611221 0.003489684 0.000990804 0.999998689 -0.001226280 0.000008479 0.001612436 0.001224682 0.999997973 0.001671316
0.999998152 -0.001097610 -0.001547564 0.003168644 0.001096022 0.999998808 -0.001026634 -0.000187476 0.001548689 0.001024936 0.999998271 0.001263603
0.999998033 -0.001238201 -0.001474816 0.003255377 0.001236853 0.999998748 -0.000914994 -0.000301842 0.001475947 0.000913168 0.999998510 0.001399950
0.999997795 -0.001559667 -0.001412480 0.003227034 0.001558037 0.999998152 -0.001154006 -0.000307207 0.001414277 0.001151802 0.999998331 0.001361701
0.999997199 -0.001921717 -0.001404570 0.003379683 0.001919702 0.999997139 -0.001434186 -0.000276770 0.001407322 0.001431486 0.999998033 0.001541439
0.999998152 -0.001327591 -0.001353929 0.003792719 0.001326511 0.999998748 -0.000798736 -0.000459081 0.001354987 0.000796938 0.999998808 0.002063828
0.999998629 -0.000788658 -0.001433925 0.004140534 0.000788014 0.999999642 -0.000449292 -0.000572934 0.001434279 0.000448161 0.999998927 0.002423260
0.999998569 -0.000656766 -0.001556590 0.004726849 0.000654756 0.999998868 -0.001291451 0.000166809 0.001557436 0.001290430 0.999997973 0.003239778
0.999998689 -0.000403319 -0.001565885 0.004737382 0.000401137 0.999998927 -0.001393492 0.000370824 0.001566445 0.001392862 0.999997795 0.003351548
0.999998629 -0.000291096 -0.001585576 0.004808959 0.000289007 0.999999046 -0.001317262 0.000395656 0.001585957 0.001316802 0.999997854 0.003382119
0.999998689 -0.000493657 -0.001507306 0.004815101 0.000491636 0.999998987 -0.001340492 0.000308722 0.001507966 0.001339750 0.999998033 0.003591626
0.999998868 -0.000392911 -0.001449427 0.004565108 0.000390817 0.999998868 -0.001443994 0.000379744 0.001449993 0.001443426 0.999997914 0.003356099
0.999998391 -0.000855194 -0.001549470 0.004314381 0.000853574 0.999999046 -0.001045904 0.000029771 0.001550363 0.001044579 0.999998271 0.002881510
0.999998689 -0.000789140 -0.001426608 0.003884904 0.000787453 0.999998987 -0.001182326 0.000107760 0.001427540 0.001181201 0.999998271 0.002426651
0.999998629 -0.000767301 -0.001445007 0.003594935 0.000765960 0.999999285 -0.000928738 -0.000037484 0.001445718 0.000927630 0.999998510 0.001887093
0.999998152 -0.000990056 -0.001675037 0.003034229 0.000989036 0.999999344 -0.000609870 -0.000353553 0.001675639 0.000608212 0.999998450 0.000871353
0.999998093 -0.001111312 -0.001590812 0.002612259 0.001110495 0.999999285 -0.000514253 -0.000533200 0.001591382 0.000512485 0.999998629 0.000288777
0.999997616 -0.001325758 -0.001707426 0.002378613 0.001324361 0.999998808 -0.000819045 -0.000471681 0.001708510 0.000816781 0.999998212 -0.000059512
0.999997199 -0.001829355 -0.001524981 0.001603211 0.001829411 0.999998331 0.000035177 -0.001164399 0.001524915 -0.000037967 0.999998868 -0.001034751
0.999996960 -0.001944149 -0.001475269 0.001406263 0.001944084 0.999998093 -0.000045293 -0.001240237 0.001475354 0.000042425 0.999998927 -0.001196869
0.999995947 -0.002315318 -0.001676476 0.001465258 0.002314507 0.999997139 -0.000485461 -0.001027059 0.001677596 0.000481579 0.999998510 -0.001287220
0.999995768 -0.002412391 -0.001613001 0.001255242 0.002411638 0.999997020 -0.000468155 -0.001074147 0.001614125 0.000464263 0.999998629 -0.001429810
0.999996066 -0.002246035 -0.001667156 0.001319535 0.002245532 0.999997437 -0.000303756 -0.001167432 0.001667834 0.000300011 0.999998569 -0.001620710
0.999996781 -0.002075199 -0.001446659 0.001201205 0.002075213 0.999997795 0.000008451 -0.001262364 0.001446638 -0.000011453 0.999998987 -0.001557933
0.999996543 -0.002164085 -0.001458368 0.001195772 0.002163837 0.999997616 -0.000171633 -0.001178531 0.001458736 0.000168477 0.999998927 -0.001579665
0.999997079 -0.001915793 -0.001433046 0.001272733 0.001915796 0.999998152 0.000000629 -0.001237367 0.001433042 -0.000003374 0.999998987 -0.001425475
0.999997079 -0.001899443 -0.001480115 0.001348342 0.001899376 0.999998152 -0.000046578 -0.001156466 0.001480201 0.000043766 0.999998987 -0.001376079
0.999997079 -0.001911163 -0.001478366 0.001408545 0.001911185 0.999998152 0.000014102 -0.001115378 0.001478337 -0.000016927 0.999998927 -0.001344310
0.999997437 -0.001708810 -0.001458092 0.001549213 0.001708725 0.999998510 -0.000059188 -0.001031036 0.001458191 0.000056696 0.999998927 -0.001073467
0.999997437 -0.001771146 -0.001432881 0.001590497 0.001771016 0.999998450 -0.000092008 -0.001037320 0.001433042 0.000089470 0.999998987 -0.000971214
0.999997079 -0.001953535 -0.001437649 0.001534958 0.001953179 0.999998033 -0.000249397 -0.001016794 0.001438133 0.000246589 0.999998927 -0.001062841
0.999996781 -0.002034845 -0.001510625 0.001662537 0.002034526 0.999997914 -0.000212539 -0.001028070 0.001511055 0.000209465 0.999998808 -0.001020453
0.999996603 -0.002037612 -0.001620021 0.001746419 0.002037446 0.999997914 -0.000104389 -0.001125613 0.001620230 0.000101088 0.999998689 -0.001135101
0.999995828 -0.002344829 -0.001646751 0.001757239 0.002343941 0.999997079 -0.000540911 -0.001033968 0.001648015 0.000537049 0.999998510 -0.001025591
0.999996066 -0.002252422 -0.001658688 0.001850140 0.002251692 0.999997318 -0.000441967 -0.001021791 0.001659679 0.000438230 0.999998569 -0.000945740
0.999996424 -0.002097203 -0.001667863 0.001924157 0.002096364 0.999997735 -0.000504542 -0.000891717 0.001668917 0.000501044 0.999998510 -0.000753772
0.999996006 -0.002269554 -0.001677569 0.002063924 0.002268610 0.999997199 -0.000564292 -0.000932387 0.001678845 0.000560484 0.999998450 -0.000550931
0.999996245 -0.002162734 -0.001628702 0.002100891 0.002161800 0.999997437 -0.000575084 -0.000873156 0.001629942 0.000571560 0.999998510 -0.000452569
0.999997854 -0.001507515 -0.001448434 0.002216164 0.001506407 0.999998510 -0.000766074 -0.000620893 0.001449587 0.000763891 0.999998629 0.000007261
0.999997616 -0.001647485 -0.001442888 0.002219463 0.001646489 0.999998391 -0.000691459 -0.000638568 0.001444025 0.000689082 0.999998748 0.000071195
0.999997854 -0.001487479 -0.001435613 0.002181066 0.001486643 0.999998689 -0.000583132 -0.000641733 0.001436478 0.000580997 0.999998868 0.000066584
0.999997914 -0.001487601 -0.001409497 0.002285171 0.001486789 0.999998689 -0.000577137 -0.000600834 0.001410353 0.000575040 0.999998868 0.000073137
0.999997854 -0.001348287 -0.001566269 0.002298783 0.001347183 0.999998808 -0.000705685 -0.000431311 0.001567219 0.000703574 0.999998510 -0.000008317
0.999998152 -0.001336904 -0.001337673 0.002186839 0.001336151 0.999998927 -0.000563863 -0.000479797 0.001338425 0.000562075 0.999998987 0.000153102
0.999998033 -0.001401148 -0.001371109 0.002262605 0.001400261 0.999998808 -0.000647768 -0.000486939 0.001372014 0.000645847 0.999998868 0.000105453
0.999998033 -0.001454770 -0.001315311 0.002250254 0.001453849 0.999998689 -0.000700730 -0.000511892 0.001316329 0.000698817 0.999998927 0.000148816
0.999997795 -0.001543389 -0.001394107 0.002378322 0.001542029 0.999998331 -0.000976249 -0.000421358 0.001395611 0.000974097 0.999998569 0.000314141
0.999998271 -0.001502100 -0.001102081 0.002281084 0.001501082 0.999998450 -0.000924332 -0.000441321 0.001103467 0.000922676 0.999998987 0.000333043
0.999983370 -0.002709217 0.005099101 0.002601598 0.002717231 0.999995053 -0.001565396 -0.000524929 -0.005094835 0.001579225 0.999985814 0.000717024
0.999843538 -0.005693417 0.016751483 0.002856547 0.005750428 0.999977887 -0.003357186 -0.000646135 -0.016732002 0.003452989 0.999854088 0.001270756
0.999550462 -0.009579207 0.028407237 0.003178411 0.009748380 0.999935508 -0.005822792 -0.001033175 -0.028349631 0.006097100 0.999579489 0.001980325
0.998764932 -0.021989977 0.044553373 0.003774845 0.022726713 0.999612093 -0.016097486 -0.001615402 -0.044182114 0.017090155 0.998877287 0.002888142
0.998259246 -0.035118163 0.047382168 0.004032931 0.036424424 0.998971760 -0.026992621 -0.002164845 -0.046385523 0.028671503 0.998512030 0.002867805
0.997341871 -0.052344054 0.050688297 0.003712644 0.054102566 0.997957647 -0.033964466 -0.003962422 -0.048806936 0.036616553 0.998136818 0.003264272
0.995388627 -0.076740637 0.057552859 0.003512442 0.079950914 0.995240152 -0.055720184 -0.009308464 -0.053002920 0.060064640 0.996786296 0.002681752
0.993726432 -0.086835258 0.070479035 0.003952291 0.091935493 0.993109584 -0.072671495 -0.012574964 -0.063682966 0.078695111 0.994862556 0.003223199
0.991185606 -0.101878896 0.084686205 0.005180662 0.109420255 0.989933372 -0.089772105 -0.016261384 -0.074687816 0.098247193 0.992355406 0.004242347
0.983868837 -0.156947225 0.085846916 0.026472332 0.165444627 0.980832160 -0.102938034 -0.022822578 -0.068045579 0.115480438 0.990976334 -0.004922662
0.980091870 -0.168775827 0.104568899 0.028085385 0.178333700 0.979847550 -0.089977331 -0.026423413 -0.087275580 0.106834210 0.990438998 -0.001783350
0.971522868 -0.195924699 0.133254677 0.039748553 0.206770733 0.975663185 -0.072987705 -0.032874469 -0.115711592 0.098462380 0.988390625 0.004037668
0.965534627 -0.207386211 0.157270327 0.042328548 0.221637860 0.971917272 -0.079078928 -0.036861766 -0.136453837 0.111210495 0.984384358 0.006183617
0.956974924 -0.206323206 0.204033375 0.042366721 0.232132584 0.966252446 -0.111671947 -0.038656067 -0.174107194 0.154230088 0.972573757 0.013559176
0.951925039 -0.206202894 0.226537317 0.043353885 0.239504591 0.962055683 -0.130714506 -0.043140229 -0.190987796 0.178687125 0.965191424 0.015185431
0.947157741 -0.209413946 0.242977172 0.044645384 0.248932108 0.957597792 -0.145049214 -0.047992650 -0.202299058 0.197869301 0.959126055 0.015533045
0.943117321 -0.198669329 0.266571313 0.045384262 0.244986340 0.957334518 -0.153271809 -0.057306942 -0.224747524 0.209859595 0.951550066 0.016055133
0.943383574 -0.186830640 0.274083406 0.045101173 0.238325477 0.956489921 -0.168308944 -0.061796352 -0.230712742 0.224100947 0.946863413 0.015656443
0.943721056 -0.173733041 0.281438291 0.044722237 0.232051298 0.954141319 -0.189120650 -0.065724194 -0.235675395 0.243785232 0.940758049 0.014499724
0.945248187 -0.142001256 0.293839425 0.042654969 0.213124678 0.950461328 -0.226276517 -0.073173448 -0.247151494 0.276511908 0.928685665 0.011766976
0.945592582 -0.125904664 0.300004631 0.041789874 0.203228563 0.948641777 -0.242439583 -0.078943312 -0.254072607 0.290218532 0.922615945 0.009812687
0.945948482 -0.108618699 0.305586994 0.041409049 0.192194745 0.946715891 -0.258438110 -0.082957819 -0.261232793 0.303201318 0.916420400 0.007655237
0.946514249 -0.070707493 0.314819574 0.038706884 0.164690956 0.944896281 -0.282927334 -0.095244519 -0.277466774 0.319642663 0.906002581 0.003927495
0.944902480 -0.063494138 0.321135104 0.039602738 0.162606612 0.942460179 -0.292109787 -0.098796196 -0.284109741 0.328233987 0.900857449 -0.000197019
0.942895710 -0.060035858 0.327632874 0.040633097 0.161971763 0.942137241 -0.293500602 -0.104286313 -0.291054547 0.329807758 0.898061275 -0.002967030
0.939725816 -0.056944631 0.337153882 0.044513233 0.156619251 0.948199213 -0.276384979 -0.117219776 -0.303950369 0.312530905 0.899965882 -0.008530971
0.938027501 -0.057299457 0.341791034 0.046833619 0.156285197 0.950199842 -0.269620419 -0.124150127 -0.309320688 0.306328237 0.900268674 -0.012024097
0.936681509 -0.045699984 0.347187370 0.050867435 0.143795788 0.954199314 -0.262348145 -0.139835700 -0.319296598 0.295660675 0.900352359 -0.018741257
0.936150134 -0.043070011 0.348952413 0.054069508 0.140008122 0.956053376 -0.257603645 -0.147342697 -0.322522104 0.290011853 0.901039779 -0.022460233
0.934556663 -0.042361144 0.353283644 0.056829482 0.139267549 0.957222581 -0.253632933 -0.153450862 -0.327426821 0.286235303 0.900478244 -0.025515746
0.933829963 -0.039470460 0.355532736 0.060441993 0.134892404 0.959375441 -0.247795954 -0.159651056 -0.331308693 0.279357970 0.901217818 -0.028288223
0.932102919 -0.040580329 0.359912813 0.068629891 0.133123621 0.962532997 -0.236237764 -0.177455306 -0.336841375 0.268110812 0.902582049 -0.032018881
0.932100534 -0.037053380 0.360299349 0.071675442 0.131303802 0.961654961 -0.240788013 -0.183039248 -0.337561727 0.271747261 0.901224494 -0.033602990
0.931867421 -0.032011677 0.361384064 0.074054539 0.128495738 0.960652053 -0.246244639 -0.188834846 -0.339281708 0.275903642 0.899313688 -0.034689173
0.928183377 -0.031232428 0.370810062 0.079617709 0.134655386 0.957133889 -0.256441981 -0.199666977 -0.346905619 0.287956715 0.892601490 -0.038554959
0.927002013 -0.028724790 0.373954773 0.081470355 0.133551508 0.956990302 -0.257552952 -0.205732733 -0.350473017 0.288694352 0.890968144 -0.040609237
0.925330222 -0.026255347 0.378252149 0.083301038 0.131823584 0.957643032 -0.256011993 -0.210517451 -0.355508924 0.286758184 0.889597178 -0.042195544
0.923462689 -0.012526320 0.383483589 0.085201956 0.121324390 0.957718015 -0.260876507 -0.220730901 -0.364001393 0.287435621 0.885936737 -0.046009678
0.923676014 -0.002521168 0.383166105 0.085191727 0.111589566 0.958404064 -0.262696296 -0.225581557 -0.366565734 0.285403550 0.885536194 -0.047566965
0.930783868 0.016342759 0.365204513 0.086424492 0.088853538 0.958929121 -0.269369513 -0.233679324 -0.354607552 0.283174574 0.891103625 -0.052120067
0.943456292 0.063719124 0.325315177 0.086744659 0.039721847 0.952551723 -0.301773787 -0.242956161 -0.329108268 0.297632515 0.896159947 -0.051569723
0.943127871 0.070139453 0.324946553 0.085656308 0.031362765 0.954354823 -0.297024220 -0.247434035 -0.330947399 0.290323049 0.897878826 -0.050883371
0.945603013 0.076159462 0.316282660 0.085817613 0.022388330 0.954672158 -0.296816081 -0.253171802 -0.324551642 0.287751198 0.901035786 -0.049981739
0.946442306 0.075211853 0.313990533 0.086960554 0.022349402 0.954896092 -0.296097845 -0.254856497 -0.322098374 0.287257046 0.902073145 -0.048900895
0.946610153 0.072585009 0.314102918 0.087903649 0.023434840 0.956252456 -0.291602701 -0.256956995 -0.321527660 0.283394992 0.903497279 -0.047629338
0.949902952 0.075413138 0.303310692 0.090216734 0.017405553 0.956183612 -0.292249531 -0.260340482 -0.312060177 0.282887936 0.906969070 -0.044649731
0.951204062 0.075058058 0.299294025 0.091420338 0.015298590 0.957298577 -0.288696229 -0.262632787 -0.308182716 0.279187828 0.909438014 -0.041979894
0.952907026 0.073092312 0.294322491 0.093161620 0.014726067 0.958222866 -0.285643458 -0.264583170 -0.302904874 0.276525825 0.912020922 -0.040085871
0.956137300 0.070139661 0.284397513 0.096842915 0.013574985 0.959254980 -0.282215416 -0.269382447 -0.292604238 0.273697436 0.916227400 -0.036693878
0.958173335 0.070528150 0.277362168 0.098614544 0.011183834 0.959190309 -0.282540232 -0.272402138 -0.285970092 0.273824453 0.918281734 -0.034692183
0.959882259 0.072322607 0.270915896 0.100902244 0.007494932 0.959202647 -0.282620102 -0.276292682 -0.280303121 0.273312539 0.920179546 -0.032597467
0.963823080 0.073023356 0.256344587 0.106306106 0.001760367 0.959974766 -0.280081064 -0.284547418 -0.266536772 0.270399809 0.925117314 -0.027628869
0.966038942 0.066576459 0.249672353 0.112971038 0.003614047 0.962661803 -0.270682514 -0.291279852 -0.258371145 0.262392163 0.929728270 -0.023246467
0.968330324 0.063417561 0.241484046 0.117149606 0.002541059 0.964650035 -0.263521910 -0.295933694 -0.249659538 0.255789936 0.933938682 -0.019247353
0.974067748 0.057385277 0.218858093 0.124915026 -0.000552225 0.967901468 -0.251328975 -0.304091632 -0.226255670 0.244690627 0.942833483 -0.010903046
0.976829648 0.053504385 0.207222298 0.129261047 -0.001409381 0.969833195 -0.243765280 -0.308159471 -0.214013621 0.237825111 0.947437227 -0.005874768
0.981107652 0.044930160 0.188172892 0.136183500 0.000584932 0.971964598 -0.235126421 -0.315178841 -0.193461657 0.230794355 0.953575730 0.003890067
0.983195305 0.042856239 0.177455559 0.139023140 0.003056817 0.968053460 -0.250725240 -0.318762988 -0.182531625 0.247054368 0.951654553 0.008841515
0.984350979 0.037926622 0.172089383 0.142492637 0.008945992 0.964550316 -0.263747364 -0.324879229 -0.175991938 0.261159539 0.949116707 0.012704998
0.983672321 0.025800109 0.178109705 0.147015065 0.019719822 0.968259871 -0.249166965 -0.328519791 -0.178884998 0.248610958 0.951941609 0.020558350
0.983282983 0.022305233 0.180712953 0.148610711 0.021810360 0.970895231 -0.238509730 -0.328940779 -0.180773318 0.238463998 0.954178154 0.024787456
0.980786443 0.012893438 0.194658011 0.151199773 0.034222841 0.970968723 -0.236745581 -0.331008047 -0.192059293 0.238858640 0.951871693 0.029981673
0.978451192 0.008416736 0.206306785 0.152320862 0.042314030 0.969789088 -0.240247384 -0.332342684 -0.202096164 0.243800029 0.948535025 0.033047006
0.975920558 0.005424632 0.218058988 0.153398246 0.049776398 0.967774808 -0.246848911 -0.333904624 -0.212371051 0.251759112 0.944201171 0.035216518
0.969607830 -0.004805876 0.244617522 0.156213567 0.068446338 0.965214193 -0.252342522 -0.337692529 -0.234895557 0.261416435 0.936208010 0.040920384
0.966406286 -0.011881985 0.256744474 0.160959333 0.077984095 0.965394795 -0.248860300 -0.341090083 -0.244902790 0.260522157 0.933890104 0.045368016
0.961213827 -0.023378912 0.274811804 0.164012253 0.094436660 0.964069724 -0.248296902 -0.344230533 -0.259132802 0.264618695 0.928884864 0.050160125
0.956348181 -0.029002674 0.290786922 0.165567145 0.106552809 0.961166799 -0.254568398 -0.346094489 -0.272111535 0.274440199 0.922300339 0.052695066
0.949700177 -0.036834106 0.310987115 0.167199910 0.121821798 0.958293736 -0.258519679 -0.348051190 -0.288494647 0.283401132 0.914578915 0.055549033
0.937564850 -0.052420966 0.343837321 0.169583350 0.148686767 0.954099476 -0.259973854 -0.349750131 -0.314426869 0.294866383 0.902324438 0.061966874
0.933466554 -0.060613450 0.353505552 0.171458572 0.158394083 0.953963757 -0.254684925 -0.351599723 -0.321794152 0.293732971 0.900094092 0.065412998
0.931150198 -0.064200312 0.358939528 0.172698677 0.161499396 0.955174148 -0.248113468 -0.352714241 -0.326920807 0.288999438 0.899778962 0.066970870
0.924033046 -0.076604657 0.374559075 0.176185876 0.171412423 0.958740532 -0.226791412 -0.354894966 -0.341731697 0.273766786 0.899039030 0.073580824
0.920823991 -0.081209838 0.381429106 0.177915812 0.175999016 0.959346354 -0.220632777 -0.355763257 -0.348005056 0.270295054 0.897682071 0.077052638
