1.000000000 0.000000000 0.000000000 0.000000000 0.000000000 1.000000000 0.000000000 0.000000000 0.000000000 0.000000000 1.000000000 0.000000000
0.999999881 0.000403818 -0.000284260 0.000037797 -0.000403783 0.999999940 0.000125055 -0.000001780 0.000284310 -0.000124940 0.999999940 0.000040773
0.999999940 0.000264448 -0.000039959 -0.000014606 -0.000264453 0.999999940 -0.000121315 0.000018794 0.000039927 0.000121326 1.000000000 0.000010932
1.000000000 0.000031448 -0.000009012 -0.000008729 -0.000031449 1.000000000 -0.000026539 0.000004281 0.000009011 0.000026539 1.000000000 0.000027698
1.000000000 -0.000039311 -0.000005634 -0.000011773 0.000039311 1.000000000 -0.000018304 -0.000012454 0.000005635 0.000018303 1.000000000 -0.000017713
0.999999940 -0.000334559 0.000022637 0.000009472 0.000334556 0.999999940 0.000134148 -0.000042736 -0.000022682 -0.000134141 1.000000000 0.000013640
0.999999940 -0.000364680 0.000015205 -0.000019120 0.000364681 0.999999940 -0.000095863 -0.000025098 -0.000015170 0.000095869 1.000000000 -0.000029728
0.999999881 -0.000421022 -0.000042885 0.000012793 0.000421019 0.999999881 -0.000073850 0.000013117 0.000042916 0.000073832 1.000000000 0.000146294
1.000000000 0.000178574 -0.000070169 -0.000019900 -0.000178581 1.000000000 -0.000104104 -0.000013134 0.000070150 0.000104117 1.000000000 -0.000030046
0.999999940 0.000297173 -0.000154448 -0.000012594 -0.000297180 0.999999940 -0.000041671 -0.000059236 0.000154436 0.000041717 1.000000000 -0.000062765
0.999999940 0.000409356 -0.000102120 -0.000022313 -0.000409374 0.999999881 -0.000176243 -0.000008313 0.000102048 0.000176285 1.000000000 -0.000071383
0.999999881 0.000475555 -0.000234664 0.000000301 -0.000475605 0.999999881 -0.000214581 0.000018064 0.000234561 0.000214693 0.999999940 -0.000038985
1.000000000 -0.000006881 -0.000236026 0.000022388 0.000006839 1.000000000 -0.000179652 -0.000000429 0.000236027 0.000179651 0.999999940 -0.000045072
0.999999940 -0.000122642 -0.000229501 0.000043202 0.000122637 1.000000000 -0.000019818 -0.000035847 0.000229503 0.000019790 1.000000000 -0.000030236
0.999999940 0.000218738 -0.000230105 0.000026295 -0.000218744 1.000000000 -0.000028161 -0.000013970 0.000230098 0.000028212 1.000000000 -0.000028540
0.999999881 0.000499717 -0.000122194 0.000020578 -0.000499714 0.999999881 0.000022204 0.000007431 0.000122205 -0.000022143 1.000000000 -0.000023874
1.000000000 0.000164455 -0.000156876 0.000013395 -0.000164468 1.000000000 -0.000082946 0.000009802 0.000156862 0.000082972 1.000000000 -0.000022896
1.000000000 0.000171732 -0.000025306 -0.000025010 -0.000171734 1.000000000 -0.000071476 -0.000004967 0.000025294 0.000071480 1.000000000 -0.000015558
1.000000000 0.000045975 0.000008608 -0.000010865 -0.000045975 1.000000000 0.000068474 -0.000031093 -0.000008605 -0.000068474 1.000000000 -0.000006940
1.000000000 -0.000038870 -0.000073305 0.000012285 0.000038875 1.000000000 0.000055922 -0.000017759 0.000073303 -0.000055925 1.000000000 -0.000025716
1.000000000 0.000072108 -0.000103396 -0.000003002 -0.000072111 1.000000000 -0.000020814 -0.000017803 0.000103395 0.000020821 1.000000000 -0.000025948
1.000000000 0.000148374 -0.000088656 -0.000003963 -0.000148388 1.000000000 -0.000154702 0.000005065 0.000088633 0.000154715 1.000000000 -0.000061049
1.000000000 -0.000047844 -0.000150575 -0.000008838 0.000047835 1.000000000 -0.000058248 -0.000043370 0.000150578 0.000058241 1.000000000 -0.000090730
1.000000000 -0.000124694 -0.000191789 0.000011204 0.000124709 1.000000000 0.000081263 -0.000062174 0.000191779 -0.000081287 1.000000000 -0.000057602
0.999999940 -0.000070844 -0.000331867 0.000038898 0.000070787 1.000000000 -0.000170626 0.000001378 0.000331879 0.000170602 0.999999940 0.000002104
0.999999940 0.000264150 -0.000223775 -0.000015761 -0.000264173 0.999999940 -0.000103565 0.000002955 0.000223748 0.000103624 0.999999940 -0.000081751
0.999999940 0.000113445 -0.000302856 0.000039809 -0.000113403 1.000000000 0.000140036 -0.000040469 0.000302872 -0.000140001 0.999999940 -0.000024454
0.999999940 -0.000225801 -0.000254711 0.000029007 0.000225784 1.000000000 -0.000069609 -0.000034419 0.000254727 0.000069552 0.999999940 -0.000058289
1.000000000 0.000099291 -0.000098637 -0.000034681 -0.000099282 1.000000000 0.000094292 -0.000058477 0.000098647 -0.000094283 1.000000000 -0.000076708
1.000000000 -0.000080904 -0.000009055 -0.000047724 0.000080903 1.000000000 -0.000115253 -0.000021928 0.000009064 0.000115252 1.000000000 -0.000039151
1.000000000 0.000194249 -0.000051178 -0.000017247 -0.000194249 1.000000000 0.000003392 -0.000030687 0.000051179 -0.000003382 1.000000000 -0.000039907
1.000000000 -0.000101674 -0.000096049 0.000003838 0.000101679 1.000000000 0.000053354 -0.000030546 0.000096044 -0.000053364 1.000000000 -0.000039712
0.999999940 0.000309694 -0.000154822 -0.000004320 -0.000309673 0.999999940 0.000135961 -0.000030012 0.000154864 -0.000135913 1.000000000 0.000014495
0.999999940 0.000222936 -0.000223945 0.000022430 -0.000222961 0.999999940 -0.000108284 0.000013245 0.000223921 0.000108334 0.999999940 -0.000004029
0.999999940 0.000204391 -0.000233770 0.000009086 -0.000204407 1.000000000 -0.000066928 0.000002204 0.000233757 0.000066976 1.000000000 -0.000056830
1.000000000 0.000118405 -0.000149546 0.000004631 -0.000118417 1.000000000 -0.000084700 0.000003785 0.000149536 0.000084718 1.000000000 -0.000029892
0.999999821 0.000471569 -0.000289992 -0.000017209 -0.000471502 0.999999881 0.000229996 -0.000081226 0.000290101 -0.000229859 0.999999940 -0.000122715
0.999999881 0.000115174 -0.000427073 0.000037971 -0.000115218 1.000000000 -0.000103838 -0.000029870 0.000427061 0.000103887 0.999999881 -0.000123160
1.000000000 -0.000109255 -0.000214601 0.000010028 0.000109261 1.000000000 0.000028220 -0.000020415 0.000214597 -0.000028243 1.000000000 -0.000063283
0.999999940 -0.000045190 -0.000274329 0.000024021 0.000045175 1.000000000 -0.000057369 -0.000001670 0.000274331 0.000057357 0.999999940 -0.000044318
0.999999881 0.000321840 -0.000386940 0.000034613 -0.000321871 0.999999940 -0.000080052 0.000004695 0.000386914 0.000080176 0.999999940 -0.000056307
0.999999940 -0.000170524 -0.000351702 0.000049488 0.000170574 1.000000000 0.000144059 -0.000033017 0.000351677 -0.000144119 0.999999940 -0.000027143
0.999999821 0.000278074 -0.000494150 0.000071226 -0.000278095 0.999999940 -0.000042890 0.000003988 0.000494139 0.000043028 0.999999881 -0.000041494
0.999999940 0.000057208 -0.000359407 0.000058039 -0.000057150 1.000000000 0.000161184 -0.000031943 0.000359416 -0.000161163 0.999999940 0.000012898
0.999999881 0.000009222 -0.000440203 0.000068051 -0.000009288 1.000000000 -0.000150267 -0.000004521 0.000440202 0.000150271 0.999999881 -0.000010403
1.000000000 0.000004074 -0.000217730 0.000030983 -0.000004043 1.000000000 0.000140340 -0.000064639 0.000217730 -0.000140339 0.999999940 -0.000086936
0.999999940 0.000132871 -0.000358621 0.000058515 -0.000132814 1.000000000 0.000157473 -0.000028155 0.000358642 -0.000157426 0.999999940 0.000014251
0.999999940 -0.000031401 -0.000373818 0.000015774 0.000031476 1.000000000 0.000201678 -0.000091796 0.000373812 -0.000201690 0.999999881 -0.000102812
0.999999940 -0.000022887 -0.000378902 0.000078168 0.000022945 1.000000000 0.000152559 -0.000075015 0.000378898 -0.000152568 0.999999940 -0.000132528
0.999999881 0.000277090 -0.000450194 0.000068982 -0.000277045 0.999999940 0.000100582 -0.000046537 0.000450222 -0.000100458 0.999999881 -0.000030718
0.999999821 0.000406090 -0.000463419 0.000063515 -0.000406060 0.999999940 0.000064452 -0.000009661 0.000463445 -0.000064264 0.999999881 -0.000043740
0.999999881 0.000268322 -0.000355731 0.000005551 -0.000268328 0.999999940 -0.000015519 -0.000048429 0.000355727 0.000015614 0.999999940 -0.000108444
0.999999821 0.000425128 -0.000423768 0.000016821 -0.000425124 0.999999881 0.000008904 -0.000030164 0.000423771 -0.000008724 0.999999881 -0.000087651
0.999999702 0.000587525 -0.000499348 0.000043386 -0.000587552 0.999999821 -0.000053287 -0.000001855 0.000499316 0.000053580 0.999999881 -0.000043194
0.999999881 0.000285856 -0.000421879 0.000062868 -0.000285886 0.999999940 -0.000068937 -0.000032643 0.000421859 0.000069058 0.999999881 -0.000091681
0.999999881 0.000204700 -0.000483779 0.000071342 -0.000204732 1.000000000 -0.000066930 -0.000004552 0.000483766 0.000067029 0.999999881 -0.000045975
0.999999881 0.000250092 -0.000363612 0.000057615 -0.000250117 0.999999940 -0.000070537 0.000003489 0.000363594 0.000070628 0.999999940 -0.000023204
0.999999881 0.000461974 -0.000185497 -0.000010824 -0.000461975 0.999999881 -0.000004263 -0.000032358 0.000185495 0.000004348 1.000000000 -0.000098386
0.999999821 0.000298536 -0.000482452 0.000060709 -0.000298609 0.999999940 -0.000151382 0.000014440 0.000482406 0.000151526 0.999999881 -0.000045887
0.999999881 0.000391243 -0.000326388 0.000042491 -0.000391287 0.999999940 -0.000133505 0.000037296 0.000326336 0.000133632 0.999999940 0.000014355
0.999999881 0.000221778 -0.000366798 0.000041367 -0.000221872 0.999999940 -0.000257083 0.000022289 0.000366741 0.000257164 0.999999881 -0.000046777
0.999999940 -0.000068174 -0.000310422 0.000058394 0.000068134 1.000000000 -0.000130947 -0.000011421 0.000310431 0.000130926 0.999999940 -0.000019211
0.999999881 -0.000148170 -0.000524295 0.000079676 0.000148093 1.000000000 -0.000146331 -0.000035080 0.000524316 0.000146253 0.999999881 -0.000034747
0.999999881 -0.000125348 -0.000487606 0.000053101 0.000125225 0.999999940 -0.000251405 -0.000042756 0.000487637 0.000251344 0.999999821 -0.000109868
0.999999881 -0.000029356 -0.000451901 0.000076507 0.000029349 1.000000000 -0.000015430 -0.000068305 0.000451901 0.000015417 0.999999881 -0.000160174
0.999999821 -0.000045064 -0.000573180 0.000099096 0.000044798 0.999999881 -0.000464009 0.000035011 0.000573201 0.000463984 0.999999702 -0.000091627
0.999999881 0.000201457 -0.000421438 0.000094450 -0.000201555 0.999999940 -0.000232534 0.000037053 0.000421392 0.000232619 0.999999881 -0.000027450
0.999999821 0.000135572 -0.000532913 0.000064951 -0.000135674 1.000000000 -0.000191285 -0.000013671 0.000532887 0.000191357 0.999999821 -0.000088116
0.999999881 0.000125096 -0.000445552 0.000069726 -0.000125145 1.000000000 -0.000110140 -0.000019237 0.000445539 0.000110196 0.999999881 -0.000032718
0.999999940 0.000113274 -0.000402688 0.000042573 -0.000113295 1.000000000 -0.000053373 -0.000047336 0.000402682 0.000053419 0.999999940 -0.000080459
0.999999881 0.000115066 -0.000489549 0.000074046 -0.000115070 1.000000000 -0.000007770 -0.000049907 0.000489548 0.000007826 0.999999881 -0.000045719
0.999999881 -0.000138681 -0.000479803 0.000077166 0.000138587 1.000000000 -0.000195784 0.000012378 0.000479830 0.000195718 0.999999881 -0.000065691
0.999999642 -0.000619923 -0.000609459 0.000134186 0.000620023 0.999999821 0.000162655 -0.000076250 0.000609358 -0.000163033 0.999999821 -0.000053375
0.999999046 -0.001332885 -0.000316683 0.000116998 0.001332946 0.999999106 0.000192366 -0.000059196 0.000316426 -0.000192788 0.999999940 -0.000069318
0.999998927 -0.001399181 -0.000471936 0.000137184 0.001399218 0.999999046 0.000080020 -0.000001787 0.000471823 -0.000080681 0.999999881 0.000031367
0.999999166 -0.001240507 -0.000362090 0.000094402 0.001240612 0.999999166 0.000289334 -0.000057761 0.000361730 -0.000289783 0.999999881 0.000032283
0.999999106 -0.001347040 -0.000100325 0.000035945 0.001347064 0.999999046 0.000240859 -0.000060647 0.000100000 -0.000240993 0.999999940 -0.000058667
0.999999166 -0.001276587 -0.000245856 0.000077289 0.001276635 0.999999166 0.000194929 -0.000102221 0.000245607 -0.000195243 0.999999940 -0.000089371
0.999999583 -0.000909120 -0.000036270 -0.000035693 0.000909117 0.999999583 -0.000083653 -0.000012848 0.000036346 0.000083620 1.000000000 -0.000174929
0.999999881 -0.000512706 -0.000114339 0.000005655 0.000512693 0.999999881 -0.000120221 -0.000012754 0.000114401 0.000120162 1.000000000 -0.000074357
0.999999940 -0.000259894 -0.000247353 0.000005648 0.000259895 0.999999940 0.000002444 0.000011769 0.000247353 -0.000002508 0.999999940 -0.000076731
0.999999642 -0.000874933 0.000031143 0.000021734 0.000874931 0.999999642 0.000053719 -0.000021089 -0.000031190 -0.000053692 1.000000000 -0.000013965
0.999999285 -0.001205284 0.000038999 0.000020501 0.001205289 0.999999285 -0.000129649 -0.000025925 -0.000038842 0.000129695 1.000000000 -0.000062810
0.999999642 -0.000802128 -0.000146215 0.000033823 0.000802133 0.999999702 0.000038437 -0.000041217 0.000146184 -0.000038554 1.000000000 -0.000057198
0.999999523 -0.000959208 -0.000237875 0.000077239 0.000959182 0.999999523 -0.000109545 -0.000002561 0.000237980 0.000109316 0.999999940 0.000008110
0.999999642 -0.000851606 -0.000081083 0.000046615 0.000851596 0.999999642 -0.000120708 0.000006396 0.000081186 0.000120639 1.000000000 0.000006675
0.999999702 -0.000801313 -0.000096470 0.000010497 0.000801321 0.999999702 0.000078884 -0.000031752 0.000096407 -0.000078962 1.000000000 -0.000034379
0.999999404 -0.001069074 -0.000035540 0.000015134 0.001069084 0.999999404 0.000282545 -0.000068661 0.000035238 -0.000282582 0.999999940 -0.000028093
0.999999404 -0.001067961 -0.000088719 0.000016828 0.001067976 0.999999404 0.000169231 -0.000036737 0.000088538 -0.000169325 1.000000000 -0.000075052
0.999998808 -0.001540108 -0.000188650 0.000085622 0.001540138 0.999998808 0.000158228 -0.000042301 0.000188406 -0.000158519 0.999999940 -0.000028062
0.999999702 -0.000766000 -0.000241398 0.000063822 0.000766045 0.999999702 0.000186862 -0.000057240 0.000241255 -0.000187047 0.999999940 -0.000024781
0.999999642 -0.000801491 -0.000289145 0.000084863 0.000801501 0.999999702 0.000035345 -0.000028256 0.000289116 -0.000035577 0.999999940 -0.000061510
0.999999702 -0.000744522 -0.000197611 0.000050958 0.000744556 0.999999702 0.000170636 -0.000042751 0.000197484 -0.000170783 0.999999940 -0.000065396
0.999999523 -0.000968032 -0.000102216 0.000033774 0.000968064 0.999999464 0.000316833 -0.000075498 0.000101910 -0.000316931 0.999999940 -0.000055077
0.999999344 -0.001118688 -0.000206692 0.000051914 0.001118757 0.999999344 0.000332295 -0.000067822 0.000206320 -0.000332526 0.999999940 -0.000065782
0.999999523 -0.000928737 -0.000324940 0.000076034 0.000928807 0.999999523 0.000215153 -0.000035900 0.000324740 -0.000215454 0.999999940 -0.000030834
0.999999523 -0.001002140 -0.000034439 0.000023141 0.001002151 0.999999464 0.000317324 -0.000056039 0.000034121 -0.000317359 0.999999940 -0.000083147
0.999999702 -0.000784966 -0.000166180 0.000034345 0.000785006 0.999999642 0.000238620 -0.000060774 0.000165993 -0.000238750 0.999999940 -0.000062209
0.999999404 -0.001063305 -0.000156595 0.000045181 0.001063380 0.999999344 0.000478203 -0.000111404 0.000156087 -0.000478369 0.999999881 -0.000061530
0.999999464 -0.001022379 -0.000189098 0.000042280 0.001022465 0.999999344 0.000455423 -0.000112343 0.000188632 -0.000455616 0.999999881 -0.000080925
0.999999464 -0.001033869 -0.000144367 0.000055435 0.001033929 0.999999404 0.000414285 -0.000094207 0.000143939 -0.000414434 0.999999881 -0.000040188
0.999999642 -0.000649305 -0.000539619 0.000112948 0.000649572 0.999999642 0.000494928 -0.000077352 0.000539298 -0.000495279 0.999999762 0.000013211
0.999999404 -0.001045706 -0.000293967 0.000073199 0.001045794 0.999999404 0.000300309 -0.000077816 0.000293653 -0.000300616 0.999999940 -0.000051606
0.999999166 -0.001293786 -0.000203380 0.000055643 0.001293854 0.999999106 0.000334826 -0.000086080 0.000202947 -0.000335089 0.999999940 -0.000038575
0.999999225 -0.001203922 -0.000205642 0.000045364 0.001204002 0.999999225 0.000387315 -0.000098818 0.000205175 -0.000387563 0.999999881 -0.000072252
0.999998927 -0.001465959 -0.000115801 0.000104052 0.001466051 0.999998629 0.000792881 -0.000187789 0.000114639 -0.000793050 0.999999702 -0.000137335
0.999998689 -0.001613595 -0.000096730 0.000070061 0.001613668 0.999998391 0.000760646 -0.000135838 0.000095502 -0.000760801 0.999999702 -0.000029622
0.999999940 -0.000307606 -0.000274692 0.000046173 0.000307715 0.999999881 0.000398400 -0.000023399 0.000274569 -0.000398484 0.999999881 0.000075348
0.999999881 -0.000443486 -0.000264882 0.000082959 0.000443544 0.999999881 0.000219416 -0.000039523 0.000264785 -0.000219533 0.999999940 -0.000027631
0.999999344 -0.001159231 -0.000128044 0.000114600 0.001159260 0.999999285 0.000226665 -0.000086704 0.000127781 -0.000226813 0.999999940 -0.000004247
0.999999344 -0.001155363 0.000081836 0.000030444 0.001155339 0.999999285 0.000288033 -0.000073225 -0.000082169 -0.000287938 0.999999940 -0.000024756
0.999999642 -0.000823298 -0.000125815 0.000070113 0.000823328 0.999999642 0.000232907 -0.000018331 0.000125623 -0.000233010 0.999999940 0.000044233
0.999999404 -0.001061348 -0.000155930 0.000027087 0.001061379 0.999999404 0.000198742 -0.000063929 0.000155719 -0.000198907 0.999999940 -0.000096784
0.999999702 -0.000732081 -0.000209643 0.000041289 0.000732090 0.999999702 0.000041749 -0.000025067 0.000209612 -0.000041902 1.000000000 -0.000057418
0.999999583 -0.000867611 -0.000258005 0.000038320 0.000867674 0.999999583 0.000241322 -0.000052883 0.000257796 -0.000241546 0.999999940 -0.000081804
0.999998927 -0.001424813 -0.000301059 0.000066422 0.001424938 0.999998927 0.000415730 -0.000126606 0.000300467 -0.000416159 0.999999881 -0.000084232
0.999999344 -0.001153642 -0.000173359 0.000057652 0.001153696 0.999999285 0.000309983 -0.000062099 0.000173001 -0.000310183 0.999999940 -0.000034336
0.999998927 -0.001442339 -0.000214203 0.000078285 0.001442417 0.999998868 0.000361107 -0.000100174 0.000213682 -0.000361416 0.999999940 -0.000091453
0.999998868 -0.001483747 -0.000215915 0.000074366 0.001483839 0.999998808 0.000425816 -0.000100819 0.000215283 -0.000426136 0.999999881 -0.000030867
0.999999285 -0.001159841 -0.000167412 0.000037021 0.001159900 0.999999285 0.000351390 -0.000069918 0.000167004 -0.000351584 0.999999940 -0.000006075
0.999999762 -0.000662588 -0.000054104 -0.000002125 0.000662611 0.999999702 0.000420937 -0.000068388 0.000053825 -0.000420973 0.999999881 -0.000033174
0.999999762 -0.000622383 -0.000322527 0.000051826 0.000622505 0.999999762 0.000375883 -0.000085427 0.000322293 -0.000376083 0.999999881 -0.000062402
0.999999881 -0.000441491 -0.000317712 0.000063788 0.000441571 0.999999881 0.000251689 -0.000011376 0.000317601 -0.000251829 0.999999940 0.000036150
0.999999642 -0.000807926 -0.000338024 0.000050584 0.000807981 0.999999642 0.000160547 -0.000058792 0.000337894 -0.000160820 0.999999940 -0.000103815
0.999999285 -0.001193769 -0.000030574 0.000021755 0.001193780 0.999999225 0.000376232 -0.000106481 0.000030125 -0.000376268 0.999999940 -0.000065345
0.999999523 -0.000979862 -0.000084887 0.000023436 0.000979880 0.999999523 0.000213417 -0.000058471 0.000084678 -0.000213500 1.000000000 -0.000057717
0.999999344 -0.001149312 -0.000117253 0.000030321 0.001149362 0.999999225 0.000427565 -0.000085334 0.000116761 -0.000427700 0.999999881 -0.000071745
0.999998927 -0.001450130 -0.000058268 0.000032286 0.001450152 0.999998868 0.000377618 -0.000105065 0.000057720 -0.000377702 0.999999940 -0.000089461
0.999999106 -0.001334700 -0.000187935 0.000071993 0.001334753 0.999999046 0.000280164 -0.000084974 0.000187561 -0.000280414 0.999999940 -0.000057138
0.999999523 -0.000968675 -0.000144361 -0.000007111 0.000968753 0.999999404 0.000542132 -0.000176694 0.000143835 -0.000542272 0.999999821 -0.000095441
0.999999344 -0.001133429 -0.000123312 0.000026404 0.001133472 0.999999285 0.000348873 -0.000089574 0.000122917 -0.000349012 0.999999940 -0.000068308
0.999999583 -0.000890226 -0.000166586 0.000049352 0.000890269 0.999999583 0.000261908 -0.000051029 0.000166352 -0.000262056 0.999999940 -0.000034026
0.999999702 -0.000743291 -0.000126423 -0.000006483 0.000743319 0.999999702 0.000215549 -0.000067160 0.000126262 -0.000215643 0.999999940 -0.000091336
0.999999642 -0.000875733 -0.000026940 -0.000010135 0.000875739 0.999999583 0.000227223 -0.000056236 0.000026741 -0.000227247 1.000000000 -0.000089099
0.999999106 -0.001321441 -0.000056221 0.000042538 0.001321463 0.999999046 0.000395715 -0.000105467 0.000055698 -0.000395789 0.999999940 -0.000064696
0.999999702 -0.000762354 -0.000145726 -0.000002428 0.000762403 0.999999642 0.000338585 -0.000030011 0.000145468 -0.000338696 0.999999940 -0.000054292
0.999999344 -0.001121992 -0.000006057 -0.000014214 0.001121994 0.999999344 0.000290417 -0.000096164 0.000005731 -0.000290424 0.999999940 -0.000114903
0.999999940 -0.000090786 -0.000241107 0.000020778 0.000090816 1.000000000 0.000127080 -0.000047603 0.000241096 -0.000127102 0.999999940 -0.000131627
0.999999821 -0.000597441 -0.000214312 0.000042570 0.000597486 0.999999821 0.000210646 -0.000045654 0.000214186 -0.000210774 0.999999940 -0.000042897
0.999999225 -0.001248114 -0.000122957 0.000069347 0.001248130 0.999999225 0.000135500 -0.000045339 0.000122787 -0.000135653 1.000000000 -0.000028654
0.999999166 -0.001270514 -0.000094259 0.000049408 0.001270543 0.999999166 0.000310586 -0.000121694 0.000093864 -0.000310706 0.999999940 -0.000076468
0.999999523 -0.000954705 -0.000102172 0.000032658 0.000954737 0.999999523 0.000312786 -0.000081763 0.000101874 -0.000312883 0.999999940 -0.000067047
0.999999166 -0.001312166 -0.000078686 0.000038338 0.001312187 0.999999106 0.000266120 -0.000071633 0.000078337 -0.000266223 0.999999940 -0.000059063
0.999999046 -0.001394237 -0.000122560 0.000053369 0.001394285 0.999998927 0.000398103 -0.000071839 0.000122005 -0.000398274 0.999999940 -0.000037917
0.999999285 -0.001210313 -0.000091208 -0.000001189 0.001210343 0.999999225 0.000330152 -0.000092050 0.000090809 -0.000330262 0.999999940 -0.000131001
0.999999464 -0.001041278 -0.000175440 0.000062697 0.001041356 0.999999344 0.000443068 -0.000125378 0.000174979 -0.000443250 0.999999881 -0.000098966
0.999999523 -0.000941943 -0.000165948 0.000039386 0.000942000 0.999999523 0.000344521 -0.000089642 0.000165623 -0.000344677 0.999999940 -0.000056871
0.999999404 -0.001028639 -0.000329578 0.000106991 0.001028753 0.999999404 0.000346354 -0.000116027 0.000329222 -0.000346693 0.999999881 -0.000066351
0.999999762 -0.000651149 -0.000305532 0.000043381 0.000651299 0.999999642 0.000492626 -0.000152843 0.000305212 -0.000492825 0.999999821 -0.000054451
0.999999821 -0.000513527 -0.000202025 0.000027881 0.000513620 0.999999762 0.000461151 -0.000058549 0.000201788 -0.000461255 0.999999881 -0.000008652
0.999999702 -0.000745133 -0.000272465 0.000075201 0.000745242 0.999999642 0.000403104 -0.000094106 0.000272164 -0.000403307 0.999999881 -0.000090302
0.999999702 -0.000723869 -0.000158620 0.000027618 0.000723921 0.999999702 0.000332478 -0.000073198 0.000158380 -0.000332592 0.999999940 -0.000076289
0.999999523 -0.000974763 -0.000027063 0.000008172 0.000974779 0.999999344 0.000574267 -0.000103276 0.000026504 -0.000574293 0.999999821 -0.000064707
0.999999583 -0.000856810 -0.000210861 0.000036634 0.000856864 0.999999583 0.000254294 -0.000051947 0.000210643 -0.000254475 0.999999940 -0.000077969
0.999999583 -0.000893481 -0.000244242 0.000068749 0.000893567 0.999999523 0.000348956 -0.000059029 0.000243930 -0.000349174 0.999999881 0.000000932
0.999999404 -0.001083186 -0.000262751 0.000058939 0.001083302 0.999999344 0.000440545 -0.000102811 0.000262274 -0.000440830 0.999999881 0.000056113
0.999998391 -0.001785128 -0.000271193 0.000131590 0.001785261 0.999998271 0.000494120 -0.000141667 0.000270310 -0.000494604 0.999999821 -0.000018104
0.999999464 -0.001024058 -0.000264295 0.000058893 0.001024146 0.999999404 0.000332860 -0.000080635 0.000263954 -0.000333131 0.999999881 -0.000055613
0.999999344 -0.001113707 -0.000325684 0.000078295 0.001113810 0.999999344 0.000316763 -0.000046964 0.000325331 -0.000317126 0.999999881 -0.000056504
0.999999106 -0.001316576 -0.000167906 0.000080215 0.001316651 0.999999046 0.000448207 -0.000042186 0.000167315 -0.000448428 0.999999881 0.000032886
0.999999642 -0.000856312 -0.000069514 0.000006132 0.000856356 0.999999464 0.000625511 -0.000123671 0.000068978 -0.000625570 0.999999821 -0.000121523
0.999999166 -0.001297013 -0.000113405 0.000037807 0.001297092 0.999998927 0.000700627 -0.000127817 0.000112497 -0.000700773 0.999999762 -0.000051283
0.999999344 -0.001121866 -0.000158070 0.000032211 0.001121929 0.999999285 0.000401556 -0.000093503 0.000157619 -0.000401733 0.999999881 -0.000092721
0.999999464 -0.001026682 -0.000171256 0.000071275 0.001026752 0.999999404 0.000406962 -0.000070124 0.000170838 -0.000407138 0.999999881 -0.000094150
0.999998629 -0.001661454 0.000099109 0.000048439 0.001661392 0.999998450 0.000621744 -0.000117660 -0.000100142 -0.000621578 0.999999821 0.000008644
0.999998629 -0.001662748 0.000004801 0.000039113 0.001662746 0.999998569 0.000360685 -0.000073717 -0.000005400 -0.000360677 0.999999940 -0.000023670
0.999998569 -0.001703485 -0.000053411 0.000061523 0.001703509 0.999998450 0.000458753 -0.000125648 0.000052630 -0.000458844 0.999999881 -0.000070873
0.999998987 -0.001442540 -0.000065612 0.000042702 0.001442584 0.999998748 0.000670349 -0.000146559 0.000064645 -0.000670443 0.999999762 -0.000038921
0.999999106 -0.001334339 -0.000062499 0.000057360 0.001334369 0.999998987 0.000477016 -0.000141505 0.000061863 -0.000477099 0.999999881 -0.000100547
0.999999106 -0.001350520 -0.000145359 0.000046951 0.001350558 0.999999046 0.000261254 -0.000076409 0.000145006 -0.000261450 0.999999940 -0.000023687
0.999999106 -0.001346549 -0.000166474 0.000021659 0.001346584 0.999999046 0.000210240 -0.000063844 0.000166191 -0.000210464 0.999999940 -0.000049257
0.999999046 -0.001348017 -0.000325136 0.000096970 0.001348041 0.999999106 0.000073650 -0.000026249 0.000325036 -0.000074089 0.999999940 -0.000034645
0.999999225 -0.001244954 -0.000116527 0.000037708 0.001244988 0.999999166 0.000286077 -0.000038277 0.000116171 -0.000286222 0.999999940 -0.000020182
0.999999344 -0.001046367 -0.000440123 0.000086833 0.001046532 0.999999404 0.000373721 -0.000059596 0.000439732 -0.000374182 0.999999821 -0.000012504
0.999999762 -0.000677073 -0.000245246 0.000066239 0.000677165 0.999999702 0.000375830 -0.000039505 0.000244991 -0.000375996 0.999999881 0.000012856
0.999999464 -0.000945228 -0.000398811 0.000123458 0.000945376 0.999999464 0.000371000 -0.000081258 0.000398460 -0.000371377 0.999999881 -0.000015298
0.999999225 -0.001179938 -0.000352249 0.000091111 0.001180143 0.999999106 0.000580652 -0.000068075 0.000351563 -0.000581068 0.999999762 0.000001210
0.999998569 -0.001691806 -0.000052296 0.000070599 0.001691833 0.999998450 0.000517400 -0.000086314 0.000051420 -0.000517488 0.999999881 0.000012680
0.999999464 -0.000986246 -0.000343276 0.000076815 0.000986397 0.999999404 0.000439943 -0.000073789 0.000342842 -0.000440281 0.999999821 -0.000049031
0.999999404 -0.000997195 -0.000415180 0.000081292 0.000997277 0.999999464 0.000196675 -0.000057426 0.000414984 -0.000197089 0.999999881 -0.000080652
0.999999583 -0.000834184 -0.000392904 0.000086274 0.000834285 0.999999642 0.000257554 -0.000047744 0.000392689 -0.000257882 0.999999881 -0.000005125
0.999999762 -0.000655513 -0.000242922 0.000050564 0.000655533 0.999999762 0.000082102 0.000001122 0.000242868 -0.000082261 0.999999940 0.000050402
0.999999523 -0.000941585 -0.000142744 0.000027923 0.000941633 0.999999523 0.000337146 -0.000055233 0.000142426 -0.000337280 0.999999940 -0.000026645
0.999999523 -0.000997206 -0.000052705 0.000004940 0.000997222 0.999999464 0.000299791 -0.000054976 0.000052406 -0.000299844 0.999999940 -0.000048100
0.999999702 -0.000789930 0.000091020 -0.000031062 0.000789897 0.999999642 0.000362526 -0.000080450 -0.000091306 -0.000362454 0.999999940 -0.000002492
0.999999464 -0.001027172 -0.000125631 0.000015944 0.001027209 0.999999404 0.000296831 -0.000060042 0.000125326 -0.000296960 0.999999940 -0.000043168
0.999999583 -0.000883294 -0.000128414 0.000017735 0.000883302 0.999999583 0.000063060 -0.000016460 0.000128358 -0.000063173 1.000000000 -0.000045758
0.999999285 -0.001207887 -0.000007041 0.000017878 0.001207891 0.999999166 0.000513751 -0.000087793 0.000006421 -0.000513759 0.999999881 -0.000026804
0.999998987 -0.001419482 -0.000121987 0.000068859 0.001419530 0.999998927 0.000393729 -0.000034582 0.000121428 -0.000393902 0.999999940 0.000033731
0.999998987 -0.001408499 0.000042621 0.000032425 0.001408467 0.999998748 0.000739430 -0.000118033 -0.000043662 -0.000739370 0.999999702 -0.000032157
0.999998629 -0.001658459 0.000021395 0.000025238 0.001658448 0.999998510 0.000493329 -0.000085347 -0.000022213 -0.000493293 0.999999881 -0.000078976
0.999999821 -0.000559585 -0.000053847 0.000016970 0.000559619 0.999999642 0.000626607 -0.000114932 0.000053496 -0.000626637 0.999999821 -0.000007966
0.999998987 -0.001412408 -0.000108578 0.000058206 0.001412482 0.999998748 0.000683889 -0.000095299 0.000107612 -0.000684042 0.999999762 0.000046856
0.999999642 -0.000830095 -0.000264747 0.000039050 0.000830256 0.999999464 0.000606894 -0.000072630 0.000264243 -0.000607113 0.999999762 -0.000052906
0.999999940 -0.000373796 -0.000058695 0.000013087 0.000373823 0.999999821 0.000450655 -0.000069631 0.000058527 -0.000450677 0.999999881 -0.000091002
0.999999881 -0.000411048 -0.000325048 0.000043518 0.000411161 0.999999881 0.000345707 -0.000059667 0.000324906 -0.000345841 0.999999881 -0.000120484
0.999999821 -0.000538255 -0.000184973 0.000022635 0.000538347 0.999999702 0.000498332 -0.000100555 0.000184705 -0.000498432 0.999999881 -0.000096205
0.999999583 -0.000859350 -0.000314303 0.000047543 0.000859507 0.999999523 0.000498065 -0.000093195 0.000313874 -0.000498335 0.999999821 -0.000039782
0.999999583 -0.000871567 -0.000346004 0.000081490 0.000871686 0.999999583 0.000343289 -0.000052307 0.000345705 -0.000343590 0.999999881 0.000032899
0.999999642 -0.000846445 -0.000222576 0.000047726 0.000846611 0.999999344 0.000747157 -0.000115777 0.000221944 -0.000747345 0.999999702 0.000015336
0.999999225 -0.001261186 0.000002652 0.000027907 0.001261184 0.999998927 0.000725509 -0.000093611 -0.000003567 -0.000725505 0.999999762 0.000053712
0.999999464 -0.001031341 -0.000160398 0.000035194 0.001031433 0.999999285 0.000579657 -0.000087280 0.000159800 -0.000579822 0.999999821 0.000026125
0.999999464 -0.000994486 -0.000244068 0.000060195 0.000994611 0.999999404 0.000511691 -0.000062947 0.000243559 -0.000511934 0.999999821 0.000058385
0.999999344 -0.001163163 0.000080880 0.000000489 0.001163118 0.999999166 0.000551433 -0.000082557 -0.000081521 -0.000551339 0.999999821 0.000028703
0.999999404 -0.001075456 -0.000014038 0.000030986 0.001075459 0.999999404 0.000266210 -0.000023165 0.000013752 -0.000266225 0.999999940 -0.000064670
0.999999583 -0.000925237 -0.000052426 0.000031790 0.000925252 0.999999523 0.000285472 -0.000059018 0.000052161 -0.000285521 0.999999940 -0.000070311
0.999999464 -0.001015246 -0.000208503 0.000073496 0.001015304 0.999999464 0.000279849 -0.000059837 0.000208218 -0.000280060 0.999999940 -0.000051614
0.999999762 -0.000673592 -0.000119655 0.000029046 0.000673657 0.999999642 0.000541963 -0.000104581 0.000119290 -0.000542044 0.999999821 -0.000091273
0.999999583 -0.000918334 -0.000020945 0.000022920 0.000918341 0.999999523 0.000297731 -0.000065473 0.000020671 -0.000297750 0.999999940 -0.000040682
0.999999642 -0.000791891 -0.000177734 0.000049572 0.000791928 0.999999642 0.000204192 -0.000027708 0.000177572 -0.000204332 0.999999940 0.000034037
0.999999464 -0.001043292 -0.000070028 0.000016640 0.001043323 0.999999344 0.000438116 -0.000097783 0.000069571 -0.000438188 0.999999881 -0.000020234
0.999999523 -0.000921843 -0.000211559 0.000055309 0.000921942 0.999999464 0.000471853 -0.000093148 0.000211124 -0.000472048 0.999999881 0.000002116
0.999999464 -0.000938998 -0.000381911 0.000052911 0.000939172 0.999999464 0.000455615 -0.000081739 0.000381483 -0.000455974 0.999999821 -0.000011273
0.999999344 -0.001134195 -0.000261924 0.000033301 0.001134293 0.999999285 0.000374654 -0.000081586 0.000261499 -0.000374951 0.999999881 -0.000018586
0.999999106 -0.001351168 -0.000066480 0.000002699 0.001351185 0.999999046 0.000259222 -0.000092650 0.000066130 -0.000259311 0.999999940 -0.000088526
0.999999642 -0.000873213 -0.000039509 -0.000008824 0.000873230 0.999999523 0.000432603 -0.000083572 0.000039131 -0.000432637 0.999999881 0.000026196
0.999999404 -0.001105045 0.000034775 0.000004528 0.001105017 0.999999106 0.000789106 -0.000139880 -0.000035647 -0.000789067 0.999999702 0.000023840
0.999999821 -0.000552467 -0.000139866 -0.000033282 0.000552564 0.999999583 0.000696179 -0.000123044 0.000139481 -0.000696256 0.999999762 -0.000075776
0.999999762 -0.000694888 -0.000013351 -0.000008505 0.000694898 0.999999464 0.000733460 -0.000108840 0.000012842 -0.000733469 0.999999702 0.000011968
0.999999642 -0.000819921 -0.000144374 0.000026333 0.000819997 0.999999523 0.000521665 -0.000093983 0.000143946 -0.000521783 0.999999881 -0.000010656
0.999999583 -0.000857305 -0.000212389 0.000044505 0.000857341 0.999999642 0.000171013 -0.000002920 0.000212243 -0.000171195 0.999999940 -0.000012239
0.999999583 -0.000902075 0.000055363 0.000011992 0.000902055 0.999999523 0.000355588 -0.000062172 -0.000055684 -0.000355538 0.999999940 -0.000007606
0.999999821 -0.000614615 -0.000119904 0.000036404 0.000614634 0.999999821 0.000160066 -0.000000331 0.000119806 -0.000160140 1.000000000 -0.000003052
0.999999762 -0.000672297 -0.000029835 -0.000013105 0.000672309 0.999999702 0.000393332 -0.000033173 0.000029570 -0.000393352 0.999999940 0.000022372
0.999998987 -0.001425909 -0.000009053 0.000022968 0.001425914 0.999998808 0.000605401 -0.000106546 0.000008190 -0.000605414 0.999999821 0.000028619
0.999999344 -0.001106960 -0.000221818 0.000046295 0.001107080 0.999999225 0.000540932 -0.000100127 0.000221219 -0.000541177 0.999999821 -0.000095563
0.999999642 -0.000850971 0.000099771 -0.000001864 0.000850906 0.999999404 0.000658160 -0.000088865 -0.000100331 -0.000658075 0.999999762 0.000033972
0.999999464 -0.001002634 -0.000103005 0.000057141 0.001002682 0.999999404 0.000460810 -0.000072831 0.000102543 -0.000460913 0.999999881 -0.000033501
0.999999285 -0.001157644 -0.000196067 0.000093051 0.001157771 0.999999106 0.000651559 -0.000144597 0.000195313 -0.000651786 0.999999762 -0.000043229
0.999999225 -0.001254705 -0.000109306 0.000024378 0.001254777 0.999998987 0.000659704 -0.000110503 0.000108478 -0.000659841 0.999999762 -0.000018744
0.999999464 -0.001013466 -0.000266283 0.000032620 0.001013567 0.999999404 0.000380327 -0.000055574 0.000265897 -0.000380597 0.999999881 0.000023380
0.999999106 -0.001316896 0.000000201 -0.000007704 0.001316896 0.999999106 0.000289229 -0.000038553 -0.000000582 -0.000289229 0.999999940 -0.000029982
0.999999464 -0.001026396 0.000030653 -0.000005544 0.001026382 0.999999344 0.000473540 -0.000064184 -0.000031139 -0.000473508 0.999999881 0.000073459
0.999999523 -0.000960315 -0.000146111 0.000004532 0.000960358 0.999999523 0.000291119 -0.000067694 0.000145831 -0.000291260 0.999999940 -0.000072739
0.999999166 -0.001282301 0.000078373 -0.000015229 0.001282262 0.999999046 0.000490437 -0.000095583 -0.000079002 -0.000490336 0.999999881 -0.000022721
0.999999702 -0.000758424 -0.000088865 0.000002357 0.000758465 0.999999583 0.000459800 -0.000077239 0.000088516 -0.000459867 0.999999881 -0.000027695
0.999998391 -0.001776824 -0.000220821 0.000052480 0.001776978 0.999998152 0.000695997 -0.000089614 0.000219584 -0.000696389 0.999999762 -0.000034070
0.999998271 -0.001849394 -0.000021937 0.000027112 0.001849411 0.999997914 0.000832220 -0.000133244 0.000020398 -0.000832259 0.999999642 -0.000002905
0.999996960 -0.002464260 -0.000061166 0.000100119 0.002464285 0.999996901 0.000422776 -0.000088832 0.000060124 -0.000422925 0.999999881 -0.000014627
0.999996960 -0.002463814 0.000150185 0.000016238 0.002463752 0.999996901 0.000405192 -0.000099929 -0.000151183 -0.000404821 0.999999881 0.000004289
0.999997795 -0.002088131 0.000151817 0.000003291 0.002088052 0.999997675 0.000514358 -0.000133999 -0.000152891 -0.000514039 0.999999881 -0.000073217
0.999998152 -0.001922518 0.000058003 0.000006172 0.001922505 0.999998152 0.000216415 -0.000075008 -0.000058419 -0.000216303 1.000000000 -0.000107192
0.999998093 -0.001950649 0.000000388 0.000023545 0.001950649 0.999997914 0.000587836 -0.000131395 -0.000001534 -0.000587834 0.999999821 -0.000089056
0.999997675 -0.002139508 0.000228213 0.000014355 0.002139380 0.999997556 0.000558029 -0.000121181 -0.000229407 -0.000557539 0.999999821 -0.000136500
0.999997556 -0.002222299 -0.000028710 0.000087297 0.002222302 0.999997497 0.000111369 -0.000033183 0.000028462 -0.000111432 1.000000000 0.000027337
0.999997795 -0.002100382 0.000086513 0.000024687 0.002100334 0.999997616 0.000547663 -0.000100025 -0.000087663 -0.000547480 0.999999821 0.000007555
0.999998450 -0.001744471 0.000007539 0.000011811 0.001744468 0.999998391 0.000360084 -0.000074808 -0.000008167 -0.000360070 0.999999940 -0.000022107
0.999999225 -0.001162602 -0.000422420 0.000041231 0.001162781 0.999999225 0.000424638 -0.000097060 0.000421926 -0.000425129 0.999999821 -0.000079025
0.999999225 -0.001236801 -0.000100288 0.000022388 0.001236819 0.999999225 0.000183059 -0.000071466 0.000100061 -0.000183183 1.000000000 -0.000061153
0.999999702 -0.000776813 0.000014447 0.000032517 0.000776811 0.999999702 0.000142913 -0.000038824 -0.000014558 -0.000142902 1.000000000 0.000020514
0.999998987 -0.001424112 0.000044258 0.000030085 0.001424076 0.999998689 0.000793325 -0.000144347 -0.000045388 -0.000793261 0.999999702 0.000030578
0.999999523 -0.000951034 -0.000021475 0.000034058 0.000951043 0.999999464 0.000430815 -0.000090113 0.000021065 -0.000430835 0.999999881 0.000047690
0.999999523 -0.000981158 -0.000020362 0.000023476 0.000981165 0.999999464 0.000327668 -0.000071736 0.000020040 -0.000327687 0.999999940 0.000003137
0.999999821 -0.000524585 -0.000290140 0.000052099 0.000524618 0.999999881 0.000115094 -0.000012530 0.000290080 -0.000115246 0.999999940 0.000078307
0.999999940 -0.000361638 -0.000091260 0.000003911 0.000361653 0.999999940 0.000170402 -0.000024223 0.000091199 -0.000170435 1.000000000 0.000051369
0.999999940 -0.000226422 -0.000341578 0.000027509 0.000226529 0.999999940 0.000314345 -0.000040481 0.000341506 -0.000314422 0.999999881 0.000000534
1.000000000 0.000041915 -0.000174161 -0.000054922 -0.000041880 1.000000000 0.000199614 -0.000046050 0.000174169 -0.000199606 0.999999940 -0.000083204
1.000000000 -0.000059345 -0.000109014 -0.000045466 0.000059344 1.000000000 -0.000006697 -0.000024823 0.000109014 0.000006690 1.000000000 -0.000115411
1.000000000 0.000138569 -0.000169100 -0.000026146 -0.000138584 1.000000000 -0.000091860 -0.000018256 0.000169087 0.000091884 1.000000000 -0.000098955
1.000000000 -0.000029404 0.000029247 -0.000044789 0.000029415 0.999999940 -0.000405857 0.000059677 -0.000029235 0.000405858 0.999999940 -0.000088993
1.000000000 0.000201172 -0.000132216 -0.000014848 -0.000201146 0.999999940 0.000199063 -0.000037496 0.000132256 -0.000199036 1.000000000 -0.000060075
0.999999940 0.000305938 -0.000131474 -0.000059371 -0.000305917 0.999999940 0.000159939 -0.000044483 0.000131523 -0.000159899 1.000000000 -0.000098108
0.999999940 0.000313498 -0.000075153 -0.000056946 -0.000313518 0.999999940 -0.000260066 0.000032800 0.000075071 0.000260090 0.999999940 -0.000050928
0.999999642 0.000719643 -0.000392821 0.000008385 -0.000719512 0.999999702 0.000333944 -0.000036310 0.000393061 -0.000333661 0.999999881 -0.000063564
0.999999940 0.000279791 -0.000028576 -0.000037464 -0.000279786 0.999999940 0.000168145 -0.000002603 0.000028623 -0.000168137 1.000000000 -0.000019670
0.999999940 -0.000204400 -0.000165002 0.000026812 0.000204438 0.999999940 0.000229848 -0.000049482 0.000164955 -0.000229882 0.999999940 -0.000028820
0.999999940 -0.000291402 -0.000073772 -0.000022009 0.000291394 0.999999940 -0.000110834 0.000022894 0.000073804 0.000110812 1.000000000 0.000001304
1.000000000 -0.000058986 -0.000140572 0.000043839 0.000058980 1.000000000 -0.000041273 0.000044707 0.000140575 0.000041264 1.000000000 0.000009845
