1.000000000000000000e+00 -1.943775510904802961e-18 -5.001055515544908264e-18 5.551114999999999755e-17 1.943775510904802961e-18 1.000000000000000000e+00 -4.860464619895792871e-36 3.330669000000000223e-16 5.001055515544908264e-18 -4.860464619895792871e-36 1.000000000000000000e+00 -4.440891999999999804e-16
9.999977248846297906e-01 5.272627732732616335e-04 -2.066934815680483099e-03 -4.690293999999999713e-02 -5.296505844107260831e-04 9.999991928776544858e-01 -1.154865489098329907e-03 -2.839927999999999897e-02 2.066324229830667544e-03 1.155957614879169057e-03 9.999971970291565704e-01 8.586941000000000157e-01
9.999909157703940066e-01 1.048972036004443146e-03 -4.131347765109521369e-03 -9.374345000000000594e-02 -1.058513850429480601e-03 9.999967760969105113e-01 -2.308104030093416532e-03 -5.676064000000000109e-02 4.128913309460940928e-03 2.312456151576762486e-03 9.999888022480201144e-01 1.716274999999999995e+00
9.999795617395431657e-01 1.566466544316376126e-03 -6.198571267373194707e-03 -1.406428999999999874e-01 -1.587951466719806238e-03 9.999927440102098775e-01 -3.462706610471600211e-03 -8.515762000000000331e-02 6.193102076545277737e-03 3.472478869107602489e-03 9.999747933708994507e-01 2.574964000000000031e+00
9.999636966195437626e-01 2.078471046544252531e-03 -8.263498114351598700e-03 -1.874858000000000080e-01 -2.116663960160896935e-03 9.999871068588178646e-01 -4.615826016103516914e-03 -1.135202000000000017e-01 8.253797711173394697e-03 4.633149494659039892e-03 9.999552033711825993e-01 3.432647999999999922e+00
9.999432900805176327e-01 2.586171974974247993e-03 -1.033094078318206807e-02 -2.343818000000000012e-01 -2.645881131908577044e-03 9.999798520613490949e-01 -5.770163290424958416e-03 -1.419150000000000134e-01 1.031581000142824112e-02 5.797170506222444966e-03 9.999299859880871333e-01 4.291335000000000122e+00
9.999183973842318274e-01 3.088363190226634577e-03 -1.239599069677714722e-02 -2.812195000000000111e-01 -3.174349791558169192e-03 9.999709975382927718e-01 -6.922975203801548169e-03 -1.702742999999999896e-01 1.237425052074536853e-02 6.961759481400492042e-03 9.998992008342505455e-01 5.148986999999999981e+00
9.998889617168761346e-01 3.586305591116354351e-03 -1.446383935732471239e-02 -3.281178000000000150e-01 -3.703402342367527293e-03 9.999605211626414469e-01 -8.077185600747539135e-03 -1.986702999999999941e-01 1.443430108588269860e-02 8.129854140481503760e-03 9.998627687957065691e-01 6.007776999999999923e+00
9.998550655218972905e-01 4.078705274835324815e-03 -1.652912924154006230e-02 -3.749546999999999741e-01 -4.231668794042027504e-03 9.999484506115370319e-01 -9.229794082423116441e-03 -2.270290000000000086e-01 1.649063156522621171e-02 9.298402167438896831e-03 9.998207833345497120e-01 6.865477000000000274e+00
9.998166407539801348e-01 4.566671343580656559e-03 -1.859651537967171517e-02 -4.218367000000000089e-01 -4.760341688784430064e-03 9.999347597434675716e-01 -1.038341965731669550e-02 -2.554151000000000060e-01 1.854788447324029130e-02 1.047004152874519284e-02 9.997731513758276733e-01 7.724035999999999902e+00
9.997737103849603235e-01 5.049867844786763531e-03 -2.066462818053154890e-02 -4.687329000000000079e-01 -5.289072039395115339e-03 9.999194549357200978e-01 -1.153730289168313806e-02 -2.838095999999999952e-01 2.060470189183815151e-02 1.164398882696733063e-02 9.997198926620125548e-01 8.582886000000000237e+00
9.997263783384018332e-01 5.527315205578465368e-03 -2.272921558261205635e-02 -5.155473999999999890e-01 -5.816781146676330838e-03 9.999025713913808344e-01 -1.268908121166643053e-02 -3.121547000000000072e-01 2.265686455523677548e-02 1.281782007686081866e-02 9.996611275712400380e-01 9.440274999999999750e+00
9.996745001750740878e-01 6.000540177803593417e-03 -2.479691951211766485e-02 -5.624310000000000143e-01 -6.345160252404608361e-03 9.998840558511128407e-01 -1.384246351268636835e-02 -3.405415999999999999e-01 2.471098219592215636e-02 1.399529822130680945e-02 9.995966681550162436e-01 1.029895999999999923e+01
9.996181566308147692e-01 6.468772262818385348e-03 -2.686439873557017535e-02 -6.093087000000000364e-01 -6.873364654931856006e-03 9.998639350292187755e-01 -1.499560889749330418e-02 -3.689250000000000029e-01 2.676374025304098861e-02 1.517453173241396606e-02 9.995266058461724779e-01 1.115756999999999977e+01
9.995561672385521179e-01 7.058450126325757114e-03 -2.894212876050641231e-02 -6.562052000000000440e-01 -7.530448594174821673e-03 9.998398957546359433e-01 -1.623191921274785496e-02 -3.973963999999999830e-01 2.882292281060425121e-02 1.644266216805704769e-02 9.994492873485282258e-01 1.201540999999999926e+01
9.995094592006424916e-01 5.595311397717092280e-03 -3.081450078780603383e-02 -7.018788000000000249e-01 -6.093681839467538983e-03 9.998517667489726923e-01 -1.610315405743131464e-02 -4.239119000000000081e-01 3.071983089273873022e-02 1.628302856721071737e-02 9.993953947115230552e-01 1.286965000000000003e+01
9.994225418215442192e-01 7.842767940600533713e-03 -3.306166798565397802e-02 -7.498240999999999934e-01 -8.456088412545881630e-03 9.997939883369603153e-01 -1.845197696815444044e-02 -4.540039000000000158e-01 3.291014232304284581e-02 1.872089411069843140e-02 9.992829682607289321e-01 1.373146000000000022e+01
9.993586857383489619e-01 8.704386488016687545e-03 -3.473400200361234647e-02 -7.992510999999999921e-01 -9.439420186945792629e-03 9.997337730926246779e-01 -2.105422248667894111e-02 -4.840769999999999795e-01 3.454149078794940819e-02 2.136858895321657251e-02 9.991747939276162116e-01 1.460026000000000046e+01
9.992481453366146571e-01 1.235688066496057162e-02 -3.674849033045888419e-02 -8.546641999999999850e-01 -1.320675863977508434e-02 9.996488091158353129e-01 -2.297476788834108136e-02 -5.155070000000000485e-01 3.645168813054660423e-02 2.344282264413451167e-02 9.990604128374365178e-01 1.547957000000000072e+01
9.991825107225691394e-01 1.352279082845032898e-02 -3.809782663555827398e-02 -9.072867999999999489e-01 -1.439160874702434187e-02 9.996404595970928009e-01 -2.262372944909070774e-02 -5.464704999999999702e-01 3.777819296652033809e-02 2.315352380790149447e-02 9.990178789548570526e-01 1.636939999999999884e+01
9.991240842943192035e-01 1.328777297529564090e-02 -3.967996058963732531e-02 -9.609162999999999455e-01 -1.412603726216700613e-02 9.996813427358316462e-01 -2.092051761196537379e-02 -5.783595000000000264e-01 3.938932919340006056e-02 2.146271360386861615e-02 9.989934097232334720e-01 1.726895999999999987e+01
9.990603317687039020e-01 1.351433424228385728e-02 -4.118028965652237999e-02 -1.011589000000000071e+00 -1.432435507925422340e-02 9.997084277619940895e-01 -1.943893806783798459e-02 -6.092402999999999569e-01 4.090557832094168095e-02 2.001055300659207101e-02 9.989626176342134567e-01 1.817317999999999856e+01
9.990173509291843112e-01 1.304822286148954978e-02 -4.235653931321398807e-02 -1.066256000000000093e+00 -1.386114688492459841e-02 9.997242353132815840e-01 -1.895578893923677288e-02 -6.387363000000000346e-01 4.209751951682528387e-02 1.952427226380659686e-02 9.989227205560494705e-01 1.908410999999999902e+01
9.989382517682851015e-01 1.325999158666443106e-02 -4.411963029359995681e-02 -1.118651000000000062e+00 -1.413493770339910999e-02 9.997083964933581868e-01 -1.957870059017043085e-02 -6.686218999999999912e-01 4.384715144959111521e-02 2.018154116513657531e-02 9.988343870261758850e-01 1.999721999999999866e+01
9.989119480555530561e-01 1.152857036532744205e-02 -4.518862796314718211e-02 -1.171839999999999993e+00 -1.247776907801386760e-02 9.997062100930225181e-01 -2.077976853290915138e-02 -6.990777999999999714e-01 4.493579097663458199e-02 2.132101233002819257e-02 9.987623286460733940e-01 2.091367999999999938e+01
9.988799503366624366e-01 1.128892045695288962e-02 -4.595002818653447230e-02 -1.224278999999999895e+00 -1.218131888390219450e-02 9.997416923775798159e-01 -1.918759996094363679e-02 -7.287420999999999482e-01 4.572155165428454238e-02 1.972584084213159505e-02 9.987594459715489759e-01 2.184042000000000172e+01
9.988592629091016528e-01 1.299421073202887585e-02 -4.594913914468563843e-02 -1.280807000000000029e+00 -1.370811936155616993e-02 9.997896473224753278e-01 -1.525609944807818780e-02 -7.604716999999999727e-01 4.574123264905947950e-02 1.586857253353143524e-02 9.988272763804022514e-01 2.277431999999999945e+01
9.988875180696914491e-01 1.379029997424751144e-02 -4.509494285607057451e-02 -1.334840999999999944e+00 -1.432557974428735892e-02 9.998304594168018200e-01 -1.156849978939530205e-02 -7.929673000000000416e-01 4.492776435081168029e-02 1.220164124236754188e-02 9.989157201393071839e-01 2.370953000000000088e+01
9.989648393500397683e-01 1.285173352207631854e-02 -4.363579594583850974e-02 -1.385747000000000062e+00 -1.325686636985667390e-02 9.998715496491010768e-01 -9.007757565392918164e-03 -8.209243999999999986e-01 4.351442561267561404e-02 9.576907005013155644e-03 9.990068956798127120e-01 2.465174999999999983e+01
9.990297746019646263e-01 1.265253009496068205e-02 -4.218320685941195219e-02 -1.436633000000000049e+00 -1.299402968540303190e-02 9.998849064676729181e-01 -7.831284100832672929e-03 -8.456207999999999503e-01 4.207926628736164548e-02 8.371815832255508766e-03 9.990792000879550327e-01 2.559694000000000003e+01
9.990745621261316600e-01 1.289592027659195936e-02 -4.103309094740602292e-02 -1.487044000000000032e+00 -1.333333889675600292e-02 9.998569752451675896e-01 -1.040438020491728580e-02 -8.702126999999999502e-01 4.089304814198328752e-02 1.094185970500470562e-02 9.991036154072576725e-01 2.654470999999999847e+01
9.990966487060427559e-01 1.391009817496169192e-02 -4.015464746597854212e-02 -1.538024999999999975e+00 -1.454998080916178500e-02 9.997710750814585712e-01 -1.568743092152412311e-02 -8.971120999999999679e-01 3.992724136234700877e-02 1.625750901053094749e-02 9.990703222486220225e-01 2.749626999999999910e+01
9.991533001365936473e-01 1.320645080015755285e-02 -3.896501614804044611e-02 -1.586551000000000045e+00 -1.396325026266918498e-02 9.997178708811592651e-01 -1.921474129265652794e-02 -9.254151000000000460e-01 3.870026444684976363e-02 1.974255044579268162e-02 9.990558148740436017e-01 2.845466000000000051e+01
9.992104762626901060e-01 1.079095769224156995e-02 -3.823583867227568767e-02 -1.633362999999999898e+00 -1.148611275007031807e-02 9.997718658227380262e-01 -1.800792945382403282e-02 -9.555630000000000512e-01 3.803279296581717206e-02 1.843289292014369668e-02 9.991064683595106688e-01 2.942293000000000092e+01
9.992214324701008676e-01 9.086312238493573015e-03 -3.839228857862198724e-02 -1.680970999999999993e+00 -9.596056646342670735e-03 9.998679618298080829e-01 -1.311390876685831867e-02 -9.838377000000000372e-01 3.826806226136580252e-02 1.347211327928557641e-02 9.991766898674879771e-01 3.039838999999999913e+01
9.992104948574653811e-01 5.838117540508443865e-03 -3.929762524991125411e-02 -1.728893000000000013e+00 -6.198497418122932839e-03 9.999397915337581155e-01 -9.054939932548513801e-03 -1.011771999999999894e+00 3.924239539651954572e-02 9.291377239556362563e-03 9.991865214826186614e-01 3.137764999999999915e+01
9.991829175633328841e-01 -1.840282718899796405e-03 -4.037462828485877814e-02 -1.768976000000000104e+00 1.460769131501553787e-03 9.999544951232347545e-01 -9.427292102253778672e-03 -1.036362999999999923e+00 4.039013992511602397e-02 9.360611216757325215e-03 9.991401380959922252e-01 3.235714000000000112e+01
9.991062615401716807e-01 -4.894793798018021169e-03 -4.198474895598409279e-02 -1.815833999999999948e+00 4.337364852885414873e-03 9.999013737471854624e-01 -1.335777094518998676e-02 -1.059789000000000092e+00 4.204599169189706526e-02 1.316372941707978986e-02 9.990289539400141194e-01 3.333630999999999744e+01
9.990441336386245430e-01 -4.076714372780251491e-03 -4.352240161311103639e-02 -1.870662999999999965e+00 3.306847729447865737e-03 9.998370528431925752e-01 -1.774633821195939487e-02 -1.088016000000000094e+00 4.358765651356366622e-02 1.758545312927055349e-02 9.988948233111901720e-01 3.432021000000000299e+01
9.989619287706571482e-01 -3.501086135518221253e-03 -4.541813803625516233e-02 -1.929780000000000051e+00 2.639354739056654423e-03 9.998156311154862141e-01 -1.901940019305211824e-02 -1.129879999999999995e+00 4.547635290313048473e-02 1.887978212304723333e-02 9.987869918824615612e-01 3.533097000000000065e+01
9.989125342232504368e-01 -3.564847019031312444e-03 -4.648699643356690031e-02 -1.993748000000000076e+00 2.782575757265405569e-03 9.998536235216823886e-01 -1.688161137797442729e-02 -1.194547999999999943e+00 4.654037219273860632e-02 1.673389961404036369e-02 9.987762363812370259e-01 3.638750999999999891e+01
9.988707696467254982e-01 -2.386257999219925361e-04 -4.750924755335306227e-02 -2.061112000000000055e+00 -4.151974722564232196e-04 9.999053550145139413e-01 -1.375167714708755429e-02 -1.249881000000000020e+00 4.750803254626741190e-02 1.375587405533758995e-02 9.987761324604009783e-01 3.742849999999999966e+01
9.988084995332054961e-01 2.160230976362893275e-06 -4.880144726911252173e-02 -2.126952999999999872e+00 -6.257570663009732895e-04 9.999183541756476723e-01 -1.276297029526965790e-02 -1.305052000000000101e+00 4.879743526375686369e-02 1.277830106067952276e-02 9.987269523416708594e-01 3.847151000000000209e+01
9.987591711732104471e-01 8.809214081156862153e-04 -4.979299122240506831e-02 -2.190967000000000109e+00 -1.403287020971007290e-03 9.999443419194813387e-01 -1.045676091111834467e-02 -1.349142000000000063e+00 4.978100825554419157e-02 1.051365971906270506e-02 9.987048183404210189e-01 3.950365000000000038e+01
9.987568325931425184e-01 4.894213085399550618e-04 -4.984525870427732736e-02 -2.256114999999999871e+00 -8.210332881266614027e-04 9.999776672023553692e-01 -6.632571211464874557e-03 -1.393046999999999924e+00 4.984089939851984313e-02 6.665250431762617146e-03 9.987349293900902314e-01 4.053855000000000075e+01
9.987131432413745014e-01 6.466500317509579418e-03 -5.030150982403557014e-02 -2.329940000000000122e+00 -6.722013586819645600e-03 9.999653421984940893e-01 -4.912121251292356910e-03 -1.426813000000000109e+00 5.026800225066151151e-02 5.243927487335651658e-03 9.987219979424880600e-01 4.156110999999999933e+01
9.987142349647447626e-01 6.952179230344988047e-03 -5.021497866905691443e-02 -2.399728000000000083e+00 -7.192512448527890907e-03 9.999635211266073576e-01 -4.606970887143833383e-03 -1.460731000000000002e+00 5.018111839589121936e-02 4.962219264238458723e-03 9.987278066302706092e-01 4.258303000000000083e+01
9.987082303763672453e-01 6.676282664592730204e-03 -5.037159743632882436e-02 -2.465214000000000016e+00 -7.006771220197695327e-03 9.999550528949953110e-01 -6.387280081153303216e-03 -1.489500999999999964e+00 5.032669009156989781e-02 6.731971445999086409e-03 9.987101205178995356e-01 4.359302000000000277e+01
9.987012623936997180e-01 8.983148333622809761e-03 -5.015068832276024097e-02 -2.535884999999999945e+00 -9.456169688212910651e-03 9.999129416859786623e-01 -9.202711759063423799e-03 -1.522850000000000037e+00 5.006365296358460809e-02 9.664993269982683974e-03 9.986992633205618031e-01 4.459790000000000276e+01
9.986534472957098174e-01 8.808468208530376847e-03 -5.112438842875591943e-02 -2.600016000000000105e+00 -9.296064062984880916e-03 9.999134730496097578e-01 -9.307502715774015195e-03 -1.559884999999999966e+00 5.103797994956190548e-02 9.770225262836537694e-03 9.986489209431819170e-01 4.559882000000000346e+01
9.986011294560294127e-01 6.863746171766256163e-03 -5.242779069951435111e-02 -2.661881000000000164e+00 -7.280159476454009515e-03 9.999434220906877613e-01 -7.755765311181575701e-03 -1.593755999999999950e+00 5.237159084026296596e-02 8.126598676832430881e-03 9.985945998586241990e-01 4.659803000000000139e+01
9.985539231892986978e-01 7.061950936358856769e-03 -5.329344549034881889e-02 -2.728914000000000062e+00 -7.431485366503297156e-03 9.999496783413448497e-01 -6.738976946731142087e-03 -1.629817000000000071e+00 5.324317335121721978e-02 7.125281328732691044e-03 9.985561550846696610e-01 4.759275000000000233e+01
9.985153806517975683e-01 9.830433605088294974e-03 -5.357608773447057604e-02 -2.800793999999999784e+00 -1.032218154960465317e-02 9.999070321687545393e-01 -8.909522295288982083e-03 -1.664528999999999925e+00 5.348352241441040045e-02 9.449317150418906977e-03 9.985240223627762646e-01 4.857856000000000307e+01
9.984685705024523017e-01 1.023790321779845594e-02 -5.436634120935932707e-02 -2.871335999999999888e+00 -1.103254698878526965e-02 9.998363603219190265e-01 -1.433650882041903260e-02 -1.697621000000000047e+00 5.421066892900081730e-02 1.491435268192017882e-02 9.984181315753183350e-01 4.955599999999999739e+01
9.984384292472482381e-01 1.064895159583732764e-02 -5.483888066141772571e-02 -2.937934999999999963e+00 -1.149459730415930067e-02 9.998194882858504329e-01 -1.512828730013233980e-02 -1.729012999999999911e+00 5.466788120188046524e-02 1.573501425895907149e-02 9.983806048252176213e-01 5.053773000000000337e+01
9.984273601715316637e-01 1.026893172955506070e-02 -5.511220828491943807e-02 -3.002463000000000104e+00 -1.093884829763560468e-02 9.998697419915152373e-01 -1.186763024963810240e-02 -1.766742000000000035e+00 5.498316159359991490e-02 1.245183082741441530e-02 9.984096372983473078e-01 5.151845000000000141e+01
9.984355338407251423e-01 7.566176353454532981e-03 -5.540070161626654832e-02 -3.065843999999999792e+00 -8.064008458320422526e-03 9.999290444945512224e-01 -8.767995426425950756e-03 -1.798993999999999982e+00 5.533043043181852527e-02 9.201029920727091249e-03 9.984257030528749244e-01 5.249501000000000062e+01
9.984284549380360030e-01 6.348755228866720043e-03 -5.568046046047194636e-02 -3.130184999999999995e+00 -6.799311638237248365e-03 9.999456298691602463e-01 -7.906115785548849945e-03 -1.830051000000000094e+00 5.562723911261795856e-02 8.272279771158051048e-03 9.984173374176228410e-01 5.346497999999999706e+01
9.984325771754362089e-01 3.282949252380955828e-03 -5.587137978449207426e-02 -3.191520000000000135e+00 -3.779689829337481641e-03 9.999542463726035502e-01 -8.787440252574186053e-03 -1.858397999999999994e+00 5.583997474579175530e-02 8.984843104075308437e-03 9.983993037932190617e-01 5.442804000000000286e+01
9.984067521414035085e-01 -1.460363106392142984e-04 -5.642637638418719626e-02 -3.248810999999999893e+00 -4.508913982950115860e-04 9.999440765941284281e-01 -1.056600119547352473e-02 -1.886487000000000025e+00 5.642476384887160079e-02 1.057460910444349422e-02 9.983508519888623089e-01 5.539177999999999713e+01
9.983366168138950725e-01 -1.591213885117669221e-03 -5.763217475471362622e-02 -3.310922000000000143e+00 1.036802003299022159e-03 9.999529150512878051e-01 -9.648456977039625987e-03 -1.913840999999999903e+00 5.764481390543296085e-02 9.572654741691995900e-03 9.982912599592387304e-01 5.635038999999999731e+01
9.982640489383978188e-01 -4.382863180441540912e-03 -5.873396894010779468e-02 -3.371513999999999900e+00 4.075328853954576780e-03 9.999773585577459434e-01 -5.354817140222016721e-03 -1.938228999999999980e+00 5.875610854922357074e-02 5.106161201393869149e-03 9.982593084093617231e-01 5.731251000000000317e+01
9.982267235476248723e-01 -5.964740536538885862e-03 -5.922693868254080840e-02 -3.438994000000000106e+00 5.986945333047248227e-03 9.999820585854433119e-01 1.974659415201193225e-04 -1.956763000000000030e+00 5.922469823437501169e-02 -5.517042239519887644e-04 9.982445245236742926e-01 5.827400000000000091e+01
9.982021691712151812e-01 -4.407760287667704911e-03 -5.977458582982692059e-02 -3.511312999999999906e+00 4.547913654182889932e-03 9.999872186413404362e-01 2.208853854413205756e-03 -1.975961999999999996e+00 5.976408573110596201e-02 -2.476732363926058712e-03 9.982094569044728249e-01 5.922540000000000049e+01
9.981160311805841179e-01 -2.919495846605591003e-03 -6.128511111453496807e-02 -3.579193000000000069e+00 2.920554024490658752e-03 9.999957325585392409e-01 -7.231113682064336276e-05 -1.998110999999999970e+00 6.128506069597447481e-02 -1.068115730133355158e-04 9.981202983241942439e-01 6.016633000000000209e+01
9.980241524656423557e-01 -1.762043148270061189e-03 -6.280673768935923773e-02 -3.641783999999999910e+00 1.227246754234249688e-03 9.999626734919923043e-01 -8.552513557514945103e-03 -2.021539000000000197e+00 6.281946323107645558e-02 8.458535729716460533e-03 9.979890621708579213e-01 6.109125000000000227e+01
9.979546740127266391e-01 -9.592103789696676585e-04 -6.391829575013209530e-02 -3.703383999999999787e+00 5.024084942805448570e-05 9.998988767160211788e-01 -1.422089370946885353e-02 -2.049158999999999953e+00 6.392547295100385607e-02 1.418859603653014473e-02 9.978538057503727465e-01 6.200632000000000232e+01
9.978642648105634505e-01 4.204985709292049199e-03 -6.518609598110862435e-02 -3.776034999999999808e+00 -5.092497093082474537e-03 9.998965111430184738e-01 -1.345486816644895188e-02 -2.078108999999999984e+00 6.512277241818413553e-02 1.375809213532982848e-02 9.977824108558764893e-01 6.291678000000000281e+01
9.977904864415212405e-01 7.492613345995837414e-03 -6.601519455428320193e-02 -3.843939999999999912e+00 -8.206299674087310508e-03 9.999107109389439030e-01 -1.054641148614150932e-02 -2.112093999999999916e+00 6.593027993609257287e-02 1.106484951652520789e-02 9.977628812963154070e-01 6.381519000000000119e+01
9.976763613574327616e-01 1.025447767566401228e-02 -6.735520526427402066e-02 -3.912602000000000135e+00 -1.087073177545910818e-02 9.999022840503121179e-01 -8.789171840105530417e-03 -2.145353000000000065e+00 6.725849522000326708e-02 9.500949350890611558e-03 9.976903461406112505e-01 6.469786000000000570e+01
9.975908689051236067e-01 1.034501967833798691e-02 -6.859620138881793172e-02 -3.978228000000000097e+00 -1.103350022476017045e-02 9.998924147979689758e-01 -9.665438545487386318e-03 -2.173834999999999962e+00 6.848883230068013306e-02 1.039900944038305367e-02 9.975976846668942466e-01 6.556672000000000367e+01
9.974615528134248565e-01 1.183547318504648768e-02 -7.021660938494106441e-02 -4.046624999999999694e+00 -1.248173649731011345e-02 9.998836203147372093e-01 -8.772233484471963355e-03 -2.201408999999999949e+00 7.010461406386220284e-02 9.626390849140711164e-03 9.974931958094633844e-01 6.642162999999999329e+01
9.973395667380368090e-01 1.318379834197483912e-02 -7.169362649540809984e-02 -4.114442000000000377e+00 -1.380046197345528337e-02 9.998718564499005090e-01 -8.112824954898827795e-03 -2.230821999999999861e+00 7.157748157140032819e-02 9.080646491729314762e-03 9.973937066129844320e-01 6.726454999999999984e+01
9.972257557323107591e-01 1.296774124991026053e-02 -7.329822501941733737e-02 -4.179993999999999765e+00 -1.352349832169710137e-02 9.998834101614643144e-01 -7.090915104827981950e-03 -2.258366000000000096e+00 7.319772603889289353e-02 8.062491597279208486e-03 9.972848585694956691e-01 6.809327999999999292e+01
9.971240609480692685e-01 1.256612388206772984e-02 -7.473753815193233396e-02 -4.244856000000000407e+00 -1.307756658313126083e-02 9.998942726792103830e-01 -6.357728806476040453e-03 -2.283310000000000173e+00 7.464974434447034513e-02 7.316829497361119691e-03 9.971829720143700060e-01 6.890994000000000597e+01
9.969893429055175504e-01 1.489953246449574401e-02 -7.609371896000106938e-02 -4.313020999999999994e+00 -1.525771628455246595e-02 9.998750733474739416e-01 -4.127928313756612164e-03 -2.307844999999999924e+00 7.602270862449121702e-02 5.276516912021453343e-03 9.970921252034200544e-01 6.971424000000000376e+01
9.968771642793604615e-01 1.677181190750623094e-02 -7.716622100168020471e-02 -4.381935000000000358e+00 -1.677975854114308399e-02 9.998590611641775538e-01 5.454458638494719689e-04 -2.329476000000000102e+00 7.716449339976162725e-02 7.510880299185100683e-04 9.970180925264743310e-01 7.050799000000000660e+01
9.966885198739181551e-01 1.928864994243677938e-02 -7.899330563368307800e-02 -4.445509999999999629e+00 -1.916693962267061041e-02 9.998136546941647218e-01 2.298763275888920325e-03 -2.355391000000000012e+00 7.902292564211498005e-02 -7.770910473102773768e-04 9.968724960357091547e-01 7.128436999999999557e+01
9.964960586418641908e-01 2.232345272602685379e-02 -8.060563609090329318e-02 -4.514874999999999972e+00 -2.246982657424112170e-02 9.997471081511376534e-01 -9.091958870081325375e-04 -2.382090999999999958e+00 8.056495519116121939e-02 2.717204781805985809e-03 9.967456570225023960e-01 7.203735000000000355e+01
9.963706177668310016e-01 2.284027030248641371e-02 -8.199947623889387860e-02 -4.580210000000000115e+00 -2.361072804213245474e-02 9.996856138725536134e-01 -8.438420324686999804e-03 -2.409730999999999845e+00 8.178096093996466143e-02 1.034386140495839428e-02 9.965966480773307268e-01 7.276791000000000054e+01
9.962562479164445151e-01 2.164988746182598331e-02 -8.369450914091078331e-02 -4.644343000000000110e+00 -2.291184102992873881e-02 9.996373889548455516e-01 -1.414701891417283197e-02 -2.432981999999999978e+00 8.335787922006535067e-02 1.601165127115126638e-02 9.963910331769871842e-01 7.348064999999999714e+01
9.962034460845723416e-01 2.236697988160337575e-02 -8.413330030492410794e-02 -4.709494000000000291e+00 -2.381956035311359049e-02 9.995833642062054158e-01 -1.630112102859376799e-02 -2.459522999999999904e+00 8.373364051447287904e-02 1.824325116804657171e-02 9.963211636982386432e-01 7.417538999999999305e+01
9.960872939992890807e-01 2.480834226800596523e-02 -8.482127614630233237e-02 -4.775730000000000253e+00 -2.599142731793077990e-02 9.995792892660213536e-01 -1.287206962427748895e-02 -2.490276999999999852e+00 8.446625621602113498e-02 1.502633103418776241e-02 9.963130336076611027e-01 7.485147000000000617e+01
9.959528447228632730e-01 2.606957884090983085e-02 -8.601341841534890231e-02 -4.837514999999999787e+00 -2.697536077999351106e-02 9.995920417733028529e-01 -9.385091063429794322e-03 -2.525955000000000172e+00 8.573366316229280581e-02 1.166735113628060080e-02 9.962497738610721632e-01 7.550744000000000256e+01
9.959074713760465158e-01 2.291063179467586058e-02 -8.742660583676943598e-02 -4.891888999999999932e+00 -2.409574789353289420e-02 9.996312009968035817e-01 -1.252425355617718498e-02 -2.556653999999999982e+00 8.710742442995524082e-02 1.457960714343494758e-02 9.960922305011332689e-01 7.613827999999999463e+01
9.960425737483881159e-01 1.503548889475564768e-02 -8.759637751860839538e-02 -4.937676999999999872e+00 -1.662384139412905956e-02 9.997098550335935530e-01 -1.743139828052315751e-02 -2.585468999999999795e+00 8.730887227532906081e-02 1.881860309393510941e-02 9.960035245919580671e-01 7.675010000000000332e+01
9.961634754004273784e-01 1.044107396996486400e-02 -8.688678986184113218e-02 -4.985837000000000074e+00 -1.249940536153173326e-02 9.996531760828644142e-01 -2.317956887109251865e-02 -2.616741999999999901e+00 8.661463585185895375e-02 2.417667309195646250e-02 9.959484892977419346e-01 7.734408999999999423e+01
9.963972263844500521e-01 1.211153930097205386e-02 -8.393972759746223811e-02 -5.039037999999999684e+00 -1.414998966332134747e-02 9.996182014386376657e-01 -2.373244920169595776e-02 -2.646047999999999956e+00 8.362024303900972289e-02 2.483469283772580735e-02 9.961881815127866524e-01 7.792534000000000560e+01
9.966393928226087162e-01 1.770654381654086437e-02 -7.997749045984708927e-02 -5.092731999999999815e+00 -1.941040642999168966e-02 9.995998261919385453e-01 -2.057725927495837256e-02 -2.675698999999999828e+00 7.958113341995420864e-02 2.206050278482431584e-02 9.965842550534682598e-01 7.849464000000000397e+01
9.970120159938528070e-01 1.664847814424677552e-02 -7.543121462202448391e-02 -5.133801000000000059e+00 -1.801913046934379425e-02 9.996840101648785115e-01 -1.752685818382334129e-02 -2.701839999999999797e+00 7.511558360954234681e-02 1.883369310962739948e-02 9.969969614311019468e-01 7.904953000000000429e+01
9.974632531132471280e-01 1.217036944992555374e-02 -7.013516091227481319e-02 -5.159772000000000247e+00 -1.315773956119635664e-02 9.998204867545200658e-01 -1.363334718967659266e-02 -2.729207000000000161e+00 6.995664784977972950e-02 1.452158302000347047e-02 9.974443297990194246e-01 7.959229999999999450e+01
9.980239723095132298e-01 7.887781498167874966e-03 -6.233725690609996650e-02 -5.183356999999999992e+00 -8.483335417125450334e-03 9.999208162948797218e-01 -9.294845904153926572e-03 -2.756800000000000139e+00 6.225900509758000578e-02 9.805306890586477572e-03 9.980118597697328342e-01 8.012304000000000315e+01
9.985954922582429560e-01 1.068614892956144292e-02 -5.189266867846226844e-02 -5.208268999999999593e+00 -1.122407143589183344e-02 9.998861427583539685e-01 -1.008571961847874211e-02 -2.780022000000000215e+00 5.177898282044002959e-02 1.065400116743952554e-02 9.986017370289342887e-01 8.063455000000000439e+01
9.991826498328398865e-01 1.624761445651967326e-02 -3.701414996318137113e-02 -5.235209000000000223e+00 -1.664973457008280325e-02 9.998053878153244645e-01 -1.058172170275035323e-02 -2.801727000000000078e+00 3.683501882408065503e-02 1.118934850297197831e-02 9.992587151825640390e-01 8.113537999999999784e+01
9.995877406496036510e-01 2.136932973135046224e-02 -1.917551798136704275e-02 -5.248891999999999669e+00 -2.156743941861073363e-02 9.997155179368018008e-01 -1.018473137970789255e-02 -2.822087999999999930e+00 1.895242200737059721e-02 1.059409945134894698e-02 9.997642575911931395e-01 8.162286000000000286e+01
9.997984401864892234e-01 1.993349173447015940e-02 2.394766780904936197e-03 -5.236828000000000038e+00 -1.990871719991966701e-02 9.997522063644764811e-01 -9.958355728473729587e-03 -2.839862999999999804e+00 -2.592678174540509386e-03 9.908671789549424944e-03 9.999475467459532085e-01 8.209700999999999738e+01
9.994835612672884340e-01 1.619025198858282943e-02 2.775763853436885240e-02 -5.207468999999999681e+00 -1.593999740129446729e-02 9.998305004560951170e-01 -9.213405481207836631e-03 -2.859306000000000125e+00 -2.790210098371114292e-02 8.766190635653254085e-03 9.995722218341374088e-01 8.255594000000000676e+01
9.982813170196640495e-01 1.472502274382550200e-02 5.672376745843812212e-02 -5.163542999999999772e+00 -1.430175643005625677e-02 9.998668261284675562e-01 -7.860646970848671200e-03 -2.878003999999999785e+00 -5.683196154014470008e-02 7.035887504699711061e-03 9.983589657205071966e-01 8.300845999999999947e+01
9.959137565176110485e-01 1.420072063900156001e-02 8.918592440690223389e-02 -5.105620000000000047e+00 -1.367049844713925585e-02 9.998850800623440005e-01 -6.553177925766958192e-03 -2.895751000000000186e+00 -8.926873501505108721e-02 5.307184004067622488e-03 9.959934371002450160e-01 8.345453999999999439e+01
9.920006094819123765e-01 1.389448751178649737e-02 1.254660671428704244e-01 -5.029560000000000031e+00 -1.324753131052812914e-02 9.998943097306156602e-01 -5.989347419554460518e-03 -2.911918000000000006e+00 -1.255360255133602665e-01 4.279320637712943735e-03 9.920798323286229570e-01 8.388530000000000086e+01
9.859898789113326067e-01 1.389744985767000021e-02 1.662252073900623295e-01 -4.934649000000000285e+00 -1.302694038730597623e-02 9.998951339973399799e-01 -6.326123029726208810e-03 -2.926166999999999963e+00 -1.662956929946210749e-01 4.072087412520021890e-03 9.860675233448993326e-01 8.431337999999999511e+01
9.775145551059811755e-01 1.346779255321704262e-02 2.104374327910774056e-01 -4.817296999999999940e+00 -1.236225732637328580e-02 9.999020121433694896e-01 -6.568158451010969179e-03 -2.942363999999999979e+00 -2.105052710735582644e-01 3.818988790840895098e-03 9.775852628670622657e-01 8.472869000000000028e+01
9.660755020395799253e-01 1.536344377439476452e-02 2.578024223205912513e-01 -4.680938000000000265e+00 -1.364847698930993225e-02 9.998712294146028245e-01 -8.440596235038441697e-03 -2.961854999999999905e+00 -2.578989015774315607e-01 4.635642816447202094e-03 9.661607875404758516e-01 8.511820000000000164e+01
9.507396791365896327e-01 1.607587108088801356e-02 3.095733013104411402e-01 -4.519192999999999572e+00 -1.319900051590089385e-02 9.998480680115998664e-01 -1.138539761503411241e-02 -2.980545000000000222e+00 -3.097092974074814320e-01 6.738491111654369876e-03 9.508074167973777913e-01 8.550171000000000276e+01
9.313822593780425318e-01 1.599263290437899152e-02 3.636912462634183663e-01 -4.336344000000000420e+00 -1.189394712507649277e-02 9.998380398032201688e-01 -1.350659780403999644e-02 -2.995232999999999812e+00 -3.638483488180735415e-01 8.254081126327007800e-03 9.314216280541919302e-01 8.585372999999999877e+01
9.076305463839723364e-01 1.642663962488157339e-02 4.194483958502714938e-01 -4.130088999999999899e+00 -1.094447066847670236e-02 9.998203852440538109e-01 -1.547306731772130593e-02 -3.006845999999999908e+00 -4.196272272297385530e-01 9.453187878496473531e-03 9.076473034204504131e-01 8.620001000000000602e+01
8.794213378485591370e-01 1.652574984317664586e-02 4.757573017083092104e-01 -3.903865999999999836e+00 -9.195858046070431654e-03 9.998005127153863913e-01 -1.773050954842803062e-02 -3.018352999999999842e+00 -4.759554041414457703e-01 1.121759181692411934e-02 8.793978729235032432e-01 8.652588000000000079e+01
8.470019224935200208e-01 1.463489965290785608e-02 5.313883354049375729e-01 -3.656379999999999963e+00 -4.922887894479479991e-03 9.997940446866695474e-01 -1.968840734666767872e-02 -3.030940999999999885e+00 -5.315670310196631831e-01 1.406015366983049547e-02 8.468995239175194367e-01 8.681210000000000093e+01
8.111526900456997868e-01 1.400217207974841817e-02 5.846667876736919567e-01 -3.393066000000000138e+00 -2.514887381419734710e-03 9.997876157528460261e-01 -2.045479720501363480e-02 -3.048141999999999907e+00 -5.848290252484769081e-01 1.512159265053029077e-02 8.110156278781732730e-01 8.709557999999999822e+01
7.722940632293839869e-01 1.213857219936686355e-02 6.351492225970279959e-01 -3.115393000000000079e+00 -7.665738710449163107e-05 9.998192012021330788e-01 -1.901470565572007873e-02 -3.063358000000000025e+00 -6.352651997585679888e-01 1.463625541214106859e-02 7.721553639023802651e-01 8.734502999999999417e+01
7.306834588854238532e-01 1.139089801544555282e-02 6.826213667573222121e-01 -2.817803000000000058e+00 -2.276683820581961587e-04 9.998648110624310803e-01 -1.644103908507397668e-02 -3.074584000000000206e+00 -6.827163620994745052e-01 1.185778400422430462e-02 7.305872719122392667e-01 8.759400999999999726e+01
6.869080882913886077e-01 1.002390142476277529e-02 7.266751678983508489e-01 -2.508137000000000061e+00 1.642221711426197599e-03 9.998809113732776144e-01 -1.534490727225988962e-02 -3.084459999999999980e+00 -7.267424449884017923e-01 1.173390265727361839e-02 6.868098238819165813e-01 8.782009999999999650e+01
6.415605921504475839e-01 8.605912489650617211e-03 7.670240836308775956e-01 -2.182602000000000153e+00 5.801599026470452732e-03 9.998540238647790623e-01 -1.607085592449178368e-02 -3.093148999999999926e+00 -7.670504207992477896e-01 1.476039402015376888e-02 6.414170115611735890e-01 8.800812999999999420e+01
5.961031784056229910e-01 5.416592173215538722e-03 8.028895697566029721e-01 -1.847637999999999892e+00 1.299442265902129613e-02 9.997811903724942439e-01 -1.639257018032792834e-02 -3.103537999999999908e+00 -8.028026816562539025e-01 2.020474960466777520e-02 5.959023598031307767e-01 8.818798999999999921e+01
5.506434588197282043e-01 6.831843568589842514e-03 8.347125895615212787e-01 -1.511055000000000037e+00 1.267693888932798496e-02 9.997827453294084732e-01 -1.654561458475977201e-02 -3.116572000000000120e+00 -8.346442814034267244e-01 1.969233493127437937e-02 5.504372220930486836e-01 8.834349000000000274e+01
5.045000766953066096e-01 9.750750055100317407e-03 8.633565865201890954e-01 -1.165581999999999896e+00 8.934953546973803742e-03 9.998237261029658818e-01 -1.651312589108625689e-02 -3.127426999999999957e+00 -8.633654146533455975e-01 1.604492427356402767e-02 5.043240240019429832e-01 8.850203999999999382e+01
4.602982743231552321e-01 1.148164445302473149e-02 8.876900756997230246e-01 -8.110713999999999979e-01 8.704639976982633809e-03 9.998099239080997513e-01 -1.744549505605428805e-02 -3.138030999999999793e+00 -8.877216500108560115e-01 1.575715378912147593e-02 4.601108390447561369e-01 8.864158999999999367e+01
4.188672967587662166e-01 9.627245704373850466e-03 9.079964228157241246e-01 -4.500222999999999862e-01 1.561926886182737895e-02 9.997194694944153692e-01 -1.780507663635594318e-02 -3.146259000000000139e+00 -9.079131159677261698e-01 2.164020457278936771e-02 4.185994211651781205e-01 8.874795000000000300e+01
3.806252293310175561e-01 1.378826508685343510e-03 9.247283566724714410e-01 -7.268360999999999572e-02 3.173796175465948971e-02 9.993902593467812734e-01 -1.455373857237771650e-02 -3.150457999999999981e+00 -9.241845792807680260e-01 3.488851329925495709e-02 3.803493855120547718e-01 8.883995000000000175e+01
3.461081856980067206e-01 -2.337054973071576308e-03 9.381916978778311877e-01 3.020916000000000157e-01 3.764493659926032576e-02 9.992261671111292154e-01 -1.139849590249595451e-02 -3.156585999999999892e+00 -9.374390553744132992e-01 3.926327972106237463e-02 3.459283340870964452e-01 8.893046999999999969e+01
3.138408838952063684e-01 1.002433038570199608e-03 9.494750627182785285e-01 6.763449999999999740e-01 3.611652547203122315e-02 9.992631176737775123e-01 -1.299300753137029238e-02 -3.166834999999999845e+00 -9.487884359453923055e-01 3.836947725582547097e-02 3.135734156962464159e-01 8.902315000000000111e+01
2.833111791245096489e-01 8.752367085139017844e-03 9.589880978685225710e-01 1.050891000000000020e+00 2.492262789046265081e-02 9.995534471335338900e-01 -1.648541605489728737e-02 -3.185173999999999950e+00 -9.587041453973763616e-01 2.857100617543084295e-02 2.829665337173460360e-01 8.912502999999999531e+01
2.551132779062291189e-01 1.327093333027597882e-02 9.668200958629700192e-01 1.434582999999999942e+00 1.946154045669301613e-02 9.996327707714349753e-01 -1.885661801268799162e-02 -3.205996999999999986e+00 -9.667152961854859061e-01 2.362638204142348750e-02 2.547613200480817186e-01 8.921056000000000097e+01
2.298762107218146888e-01 1.514276364455941978e-02 9.731020627115044563e-01 1.832910000000000039e+00 2.080734213661669316e-02 9.995739255016934388e-01 -2.047002614421534680e-02 -3.222113999999999923e+00 -9.729974215060334108e-01 2.495323959609440853e-02 2.294631856666125014e-01 8.927715000000000600e+01
2.067349988379172110e-01 1.580711825622171940e-02 9.782692754389867851e-01 2.240743000000000151e+00 2.747049728151518960e-02 9.993815160873639192e-01 -2.195352094831850426e-02 -3.234217000000000120e+00 -9.780112535316720646e-01 3.141210459927534088e-02 2.061729071678709557e-01 8.932949999999999591e+01
1.870149049274535125e-01 2.174817317165048808e-02 9.821163079282776431e-01 2.662749999999999950e+00 3.631699470237846616e-02 9.989184160484210206e-01 -2.903573617287956432e-02 -3.232193000000000094e+00 -9.816855409094925600e-01 4.109762819202045225e-02 1.860228043177166724e-01 8.937210000000000321e+01
1.677054063663227790e-01 2.973014892040015331e-02 9.853887633420005399e-01 3.089761999999999897e+00 3.891919393154569251e-02 9.985662852028642789e-01 -3.675146799613188825e-02 -3.233114000000000043e+00 -9.850686235076341335e-01 4.451395625332351530e-02 1.663078912122089026e-01 8.941898999999999376e+01
1.501195024378603471e-01 3.105637690950190793e-02 9.881799615662443248e-01 3.536770000000000191e+00 3.662397061183860630e-02 9.986458099939652389e-01 -3.694903189692718554e-02 -3.247012999999999927e+00 -9.879892811991597412e-01 4.173784415553728061e-02 1.487788042727042903e-01 8.947221999999999298e+01
1.346625239945139496e-01 2.612444492839578053e-02 9.905470801575310125e-01 4.002127999999999908e+00 3.409386719829056445e-02 9.989383376006027992e-01 -3.098073419416402102e-02 -3.269702999999999804e+00 -9.903048080519917251e-01 3.794352446633460912e-02 1.336288745001632527e-01 8.952058999999999855e+01
1.200339307694590490e-01 2.244059448210155433e-02 9.925161334624857945e-01 4.475770999999999944e+00 3.438478449888127120e-02 9.990506970035538670e-01 -2.674680189627621357e-02 -3.292076999999999920e+00 -9.921741490580161527e-01 3.733797712789250350e-02 1.191483671940105626e-01 8.955606000000000222e+01
1.066450143435879183e-01 2.015680447440922757e-02 9.940928247145919272e-01 4.962461000000000233e+00 3.689253874426606100e-02 9.990258220288948943e-01 -2.421461344918877240e-02 -3.311657999999999991e+00 -9.936124906122401068e-01 3.925697584979314508e-02 1.057974874298535095e-01 8.958341000000000065e+01
