1.000000119 0.000000000 -0.000000000 0.000000000 0.000000000 1.000000000 0.000000000 0.000000060 -0.000000000 0.000000000 1.000000000 0.000000000
0.999991655 -0.002387948 -0.003348333 -0.003406478 0.002380639 0.999994755 -0.002185190 -0.005326530 0.003353533 0.002177200 0.999992013 0.664861679
0.999971271 -0.001430879 -0.007450571 -0.012590109 0.001404119 0.999992490 -0.003595551 -0.010001677 0.007455660 0.003584986 0.999965787 1.363610387
0.999942422 -0.001193012 -0.010666285 -0.037428990 0.001139666 0.999986768 -0.005006031 -0.012155081 0.010672119 0.004993585 0.999930561 2.057993412
0.999878943 0.000141729 -0.015559828 -0.057850651 -0.000231371 0.999983370 -0.005759530 -0.014715391 0.015558754 0.005762433 0.999862313 2.786504269
0.999803066 -0.000807811 -0.019830767 -0.071366943 0.000692436 0.999982834 -0.005824171 -0.027670903 0.019835129 0.005809292 0.999786377 3.521058559
0.999705136 0.000985649 -0.024263913 -0.096742533 -0.001162238 0.999972999 -0.007264833 -0.030747365 0.024256095 0.007290890 0.999679208 4.274123669
0.999581397 0.003708337 -0.028694689 -0.133648813 -0.003937938 0.999960661 -0.007949174 -0.038411386 0.028664080 0.008058844 0.999556601 5.038903236
0.999400735 0.003890043 -0.034396689 -0.140416116 -0.004102820 0.999972880 -0.006117553 -0.047225140 0.034371957 0.006255010 0.999389529 5.848001957
0.999233365 0.003200459 -0.039019812 -0.174252376 -0.003338121 0.999988437 -0.003463354 -0.054198775 0.039008271 0.003590951 0.999232471 6.649643421
0.999114275 0.002922949 -0.041978590 -0.218561351 -0.002956089 0.999995351 -0.000727395 -0.063187957 0.041976273 0.000850842 0.999118209 7.454456806
0.999015152 0.004255072 -0.044164009 -0.262934238 -0.004329337 0.999989331 -0.001586061 -0.069833070 0.044156779 0.001775700 0.999023020 8.268235207
0.998917639 0.003811375 -0.046358421 -0.307963759 -0.003902266 0.999990702 -0.001870267 -0.074783310 0.046350855 0.002049146 0.998923182 9.088387489
0.998853564 0.000904173 -0.047862470 -0.352757812 -0.001023059 0.999996543 -0.002459489 -0.081004746 0.047860067 0.002505635 0.998851001 9.919500351
0.998752058 0.000560174 -0.049940195 -0.392651826 -0.000638146 0.999998629 -0.001545383 -0.089465171 0.049939252 0.001575324 0.998750985 10.765393257
0.998678029 -0.000890990 -0.051394954 -0.439351320 0.000793822 0.999997854 -0.001910989 -0.096683241 0.051396545 0.001867665 0.998676658 11.615009308
0.998597145 0.001464101 -0.052930549 -0.495071530 -0.001688343 0.999989808 -0.004192061 -0.106217742 0.052923869 0.004275546 0.998589456 12.472122192
0.998514593 0.001773894 -0.054456208 -0.543687820 -0.002156053 0.999973476 -0.006959784 -0.113675795 0.054442406 0.007066856 0.998491883 13.341223717
0.998405516 0.005312779 -0.056197926 -0.600995541 -0.005765422 0.999952316 -0.007895383 -0.132714078 0.056153290 0.008206799 0.998388410 14.220597267
0.998342216 0.006340457 -0.057206623 -0.655961394 -0.006796455 0.999946654 -0.007780028 -0.141881585 0.057154238 0.008155934 0.998332024 15.111959457
0.998266637 0.005610619 -0.058586147 -0.714075148 -0.005991711 0.999962032 -0.006331180 -0.156585068 0.058548398 0.006671238 0.998262286 16.005926132
0.998194456 0.006358131 -0.059727807 -0.775972962 -0.006670970 0.999965072 -0.005039817 -0.167554960 0.059693672 0.005429159 0.998202026 16.904174805
0.998157144 0.005672166 -0.060417615 -0.838480890 -0.005974557 0.999970555 -0.004825527 -0.183657318 0.060388453 0.005177602 0.998161554 17.805976868
0.998028994 0.005853277 -0.062481117 -0.894147992 -0.006209037 0.999965608 -0.005501247 -0.199552089 0.062446766 0.005878351 0.998030961 18.715072632
0.997978091 0.004445650 -0.063403256 -0.958551764 -0.004842469 0.999969721 -0.006106363 -0.213642508 0.063374177 0.006401045 0.997969270 19.628988266
0.997945905 0.004015024 -0.063937284 -1.016460657 -0.004307491 0.999980927 -0.004437112 -0.223509803 0.063918240 0.004703407 0.997943997 20.548398972
0.997936487 0.006240244 -0.063905574 -1.078795195 -0.006338407 0.999979019 -0.001333448 -0.232082173 0.063895896 0.001735756 0.997955084 21.473419189
0.998005092 0.007278388 -0.062713057 -1.144991517 -0.007145117 0.999971747 0.002349099 -0.240446806 0.062728375 -0.001896321 0.998028815 22.406288147
0.998110890 0.006161746 -0.061128505 -1.205275297 -0.005835188 0.999967754 0.005519251 -0.250844061 0.061160535 -0.005152128 0.998114645 23.337661743
0.998198509 0.006105465 -0.059687153 -1.264635086 -0.005745669 0.999964297 0.006197810 -0.255600572 0.059722859 -0.005843703 0.998197913 24.286308289
0.998279989 0.006584038 -0.058255777 -1.322533250 -0.006400772 0.999973953 0.003331927 -0.261773348 0.058276199 -0.002953313 0.998296142 25.234268188
0.998324633 0.007103897 -0.057424232 -1.379097939 -0.007198293 0.999973059 -0.001437167 -0.269047230 0.057412475 0.001848116 0.998348951 26.175281525
0.998392045 0.006687291 -0.056290697 -1.433240414 -0.006934911 0.999967098 -0.004204758 -0.280457079 0.056260716 0.004588366 0.998405576 27.131479263
0.998448968 0.004296350 -0.055509601 -1.485468984 -0.004490990 0.999984205 -0.003382146 -0.288565040 0.055494197 0.003626193 0.998452425 28.086618423
0.998466671 0.002452413 -0.055301867 -1.548105717 -0.002360353 0.999995708 0.001729949 -0.300959319 0.055305880 -0.001596765 0.998468161 29.061153412
0.998417377 -0.001067997 -0.056226783 -1.599722624 0.001363054 0.999985456 0.005209521 -0.313291043 0.056220409 -0.005277916 0.998404384 30.016397476
0.998317003 -0.008399225 -0.057381336 -1.647766471 0.008679951 0.999951541 0.004644797 -0.320022494 0.057339545 -0.005135047 0.998341501 30.992494583
0.998215795 -0.010863708 -0.058712345 -1.702314496 0.010918269 0.999940217 0.000608541 -0.324168235 0.058702223 -0.001248492 0.998274744 31.959579468
0.998137891 -0.010736543 -0.060046021 -1.763575077 0.010562309 0.999939024 -0.003218346 -0.333099484 0.060076918 0.002578129 0.998190403 32.940860748
0.998040557 -0.009214797 -0.061888579 -1.834972143 0.008983380 0.999951541 -0.004016485 -0.341743261 0.061922595 0.003452645 0.998075008 33.925510406
0.997978091 -0.009301852 -0.062874727 -1.890209317 0.009161675 0.999954820 -0.002517383 -0.358803719 0.062895305 0.001936255 0.998018205 34.899715424
0.997899652 -0.006463701 -0.064456619 -1.955922723 0.006493927 0.999978781 0.000259421 -0.371886939 0.064453579 -0.000677452 0.997920394 35.899890900
0.997844100 -0.006187829 -0.065334879 -2.025817633 0.006313841 0.999978542 0.001722413 -0.385320604 0.065322816 -0.002131214 0.997861862 36.881900787
0.997800291 -0.004970536 -0.066104107 -2.097996712 0.005253590 0.999977827 0.004108801 -0.391855359 0.066082217 -0.004447047 0.997804284 37.857875824
0.997786999 -0.005116753 -0.066294029 -2.157711267 0.005608272 0.999958158 0.007230252 -0.400321454 0.066254258 -0.007586046 0.997773945 38.856151581
0.997759104 0.000188853 -0.066908486 -2.232491016 0.000456259 0.999953568 0.009626297 -0.403606206 0.066907190 -0.009635254 0.997712731 39.837074280
0.997752249 0.000827692 -0.067005232 -2.308375359 -0.000227071 0.999959767 0.008970901 -0.408701897 0.067009948 -0.008935522 0.997712255 40.838802338
0.997769237 0.000899524 -0.066750407 -2.382165432 -0.000433680 0.999975443 0.006993051 -0.406833827 0.066755071 -0.006948504 0.997745097 41.834419250
0.997763157 0.003266345 -0.066766344 -2.458705425 -0.002941442 0.999983430 0.004963988 -0.416341871 0.066781454 -0.004756498 0.997756183 42.826931000
0.997694194 0.002319708 -0.067829855 -2.516203880 -0.001975450 0.999984801 0.005141947 -0.423607081 0.067840733 -0.004996096 0.997683644 43.800498962
0.997615993 0.000502866 -0.069008917 -2.585617065 -0.000077329 0.999980927 0.006168936 -0.429241687 0.069010690 -0.006148893 0.997596979 44.783267975
0.997575462 0.000934738 -0.069587529 -2.661658525 -0.000430404 0.999973536 0.007262121 -0.437865496 0.069592483 -0.007214565 0.997549415 45.767261505
0.997557878 0.003357190 -0.069763720 -2.737911701 -0.003100309 0.999987960 0.003790100 -0.449257523 0.069775604 -0.003564556 0.997556269 46.743011475
0.997488558 0.003705104 -0.070731007 -2.810919046 -0.003737559 0.999992967 -0.000326500 -0.454710752 0.070729278 0.000590041 0.997495353 47.709709167
0.997460842 0.005032769 -0.071039900 -2.889652014 -0.005162997 0.999985397 -0.001649664 -0.462663174 0.071030550 0.002012254 0.997472107 48.677150726
0.997465551 0.003786615 -0.071051098 -2.964303493 -0.003643879 0.999991119 0.002138421 -0.479981631 0.071058549 -0.001874099 0.997470379 49.651908875
0.997425497 0.001539365 -0.071694255 -3.022130013 -0.001171110 0.999985874 0.005178225 -0.491283894 0.071701206 -0.005080930 0.997413218 50.615234375
0.997383654 -0.000031998 -0.072289728 -3.089052200 0.000452807 0.999983072 0.005804759 -0.501121104 0.072288305 -0.005822304 0.997366786 51.580585480
0.997368634 -0.003197558 -0.072425961 -3.160056829 0.003534077 0.999983549 0.004518704 -0.510075569 0.072410308 -0.004762772 0.997363567 52.537895203
0.997347236 -0.006573102 -0.072492823 -3.226241589 0.006847295 0.999970257 0.003534475 -0.521458328 0.072467431 -0.004021477 0.997362614 53.484615326
0.997279048 -0.008005645 -0.073283382 -3.299090862 0.008371940 0.999953866 0.004692512 -0.530992448 0.073242433 -0.005293267 0.997300088 54.436546326
0.997169495 -0.011332284 -0.074327074 -3.370792150 0.012024549 0.999888301 0.008872909 -0.536399305 0.074218214 -0.009741543 0.997194409 55.390579224
0.997072101 -0.012153983 -0.075494796 -3.431263924 0.013226339 0.999818265 0.013720609 -0.539252222 0.075314313 -0.014678953 0.997051835 56.340843201
0.997049510 -0.010379398 -0.076056056 -3.508589029 0.011605975 0.999809384 0.015703050 -0.537497520 0.075878561 -0.016539423 0.996979952 57.288795471
0.996952116 -0.008991421 -0.077495635 -3.586102009 0.009931578 0.999881566 0.011754913 -0.541562736 0.077380769 -0.012488740 0.996923447 58.217163086
0.996869385 -0.007280680 -0.078730784 -3.663258791 0.007616556 0.999963105 0.003966655 -0.546383798 0.078699000 -0.004553891 0.996888101 59.128452301
0.996822298 -0.005890235 -0.079439215 -3.744507551 0.005874141 0.999982655 -0.000436293 -0.561963499 0.079440393 -0.000031730 0.996839583 60.056354523
0.996794105 -0.000714198 -0.080007121 -3.834253788 0.000745267 0.999999642 0.000358465 -0.571837664 0.080006838 -0.000416943 0.996794224 60.959888458
0.996672451 0.001955582 -0.081488431 -3.914488554 -0.001749779 0.999995053 0.002596871 -0.584002078 0.081493102 -0.002445643 0.996670842 61.856189728
0.996579051 0.004313202 -0.082533523 -3.988264561 -0.003977792 0.999983072 0.004227929 -0.599242508 0.082550362 -0.003885165 0.996579230 62.739791870
0.996467710 0.005015259 -0.083827719 -4.063528061 -0.004707042 0.999981403 0.003874034 -0.607309878 0.083845600 -0.003465769 0.996472657 63.604740143
0.996343255 0.006604703 -0.085185207 -4.144017696 -0.006209162 0.999968708 0.004907410 -0.617663860 0.085214935 -0.004360536 0.996353090 64.452438354
0.996224582 0.007762822 -0.086467065 -4.224128246 -0.007322916 0.999958575 0.005403608 -0.627485573 0.086505413 -0.004750015 0.996240079 65.294555664
0.996087253 0.007379783 -0.088066310 -4.294482708 -0.006876635 0.999958277 0.006015310 -0.640206456 0.088107035 -0.005386174 0.996096432 66.112060547
0.995993197 0.006944707 -0.089159042 -4.368945122 -0.006353159 0.999955952 0.006916819 -0.645019710 0.089203142 -0.006322663 0.995993376 66.915199280
0.995840788 0.009825686 -0.090577796 -4.449691772 -0.008993604 0.999913633 0.009589943 -0.649867117 0.090664186 -0.008735437 0.995843172 67.713737488
0.995703399 0.011461332 -0.091888212 -4.525698185 -0.010217720 0.999849916 0.013993045 -0.660977900 0.092034809 -0.012994034 0.995670974 68.501640320
0.995506227 0.014218181 -0.093623005 -4.604584694 -0.012807581 0.999795556 0.015650509 -0.662449896 0.093826376 -0.014381096 0.995484710 69.274169922
0.995354950 0.017650902 -0.094641745 -4.688924789 -0.016620632 0.999793887 0.011663288 -0.672943532 0.094828084 -0.010036104 0.995443046 70.017608643
0.995226085 0.017675700 -0.095983170 -4.763911724 -0.017338887 0.999840319 0.004342087 -0.680191815 0.096044593 -0.002657117 0.995373428 70.740150452
0.995083809 0.016771371 -0.097606771 -4.832641602 -0.016989503 0.999854624 -0.001404018 -0.689432085 0.097569041 0.003055406 0.995224059 71.452285767
0.995033443 0.017379638 -0.098013133 -4.904640198 -0.017743137 0.999838471 -0.002838190 -0.691999853 0.097947985 0.004563154 0.995181024 72.146469116
0.994913995 0.020171057 -0.098688088 -4.984869957 -0.020189907 0.999795854 0.000807807 -0.701665163 0.098684236 0.001188805 0.995118082 72.823997498
0.994786918 0.020555783 -0.099882178 -5.057472706 -0.020325258 0.999787927 0.003325143 -0.719554603 0.099929333 -0.001277677 0.994993746 73.477905273
0.994746745 0.017399257 -0.100877628 -5.120285034 -0.017511206 0.999846756 -0.000224253 -0.727840722 0.100858256 0.001989564 0.994898796 74.103675842
0.994837642 0.009156507 -0.101065785 -5.169100761 -0.009718883 0.999939799 -0.005073449 -0.746655762 0.101013251 0.006029505 0.994866848 74.723571777
0.994969487 0.005212955 -0.100043461 -5.222129822 -0.006250702 0.999929786 -0.010062304 -0.753069639 0.099983975 0.010637026 0.994932234 75.319412231
0.995248258 0.007488211 -0.097081833 -5.280585289 -0.008547939 0.999908268 -0.010504512 -0.761326253 0.096994266 0.011284445 0.995220959 75.903022766
0.995591998 0.012449683 -0.092960462 -5.341932297 -0.013169351 0.999887884 -0.007132217 -0.779569805 0.092861243 0.008325007 0.995644212 76.474929810
0.996013105 0.010971963 -0.088530153 -5.388488293 -0.011372566 0.999927223 -0.004021896 -0.789863586 0.088479571 0.005012676 0.996065378 77.029434204
0.996536791 0.007243281 -0.082838155 -5.422011852 -0.007257546 0.999973774 0.000128921 -0.800163805 0.082836911 0.000472728 0.996562958 77.572280884
0.997234702 0.002722767 -0.074268311 -5.456133842 -0.002458871 0.999990404 0.003644472 -0.814664543 0.074277513 -0.003451778 0.997231603 78.099662781
0.997940242 0.006342526 -0.063835233 -5.482356071 -0.006137772 0.999975324 0.003403141 -0.822525084 0.063855238 -0.003004326 0.997954667 78.619148254
0.998736799 0.011519426 -0.048909541 -5.505169868 -0.011386115 0.999930680 0.003003379 -0.830613315 0.048940744 -0.002442695 0.998798728 79.122444153
0.999395967 0.016608341 -0.030528395 -5.525483131 -0.016504372 0.999857068 0.003654581 -0.837632775 0.030584734 -0.003148521 0.999527156 79.614692688
0.999852180 0.015107029 -0.008207778 -5.518872261 -0.015071999 0.999877155 0.004313184 -0.844998419 0.008271928 -0.004188839 0.999957085 80.095153809
0.999772966 0.011696898 0.017807793 -5.481834888 -0.011788015 0.999917865 0.005020359 -0.849187911 -0.017747605 -0.005229139 0.999828815 80.552505493
0.998833060 0.010410460 0.047161181 -5.435988903 -0.010737635 0.999919891 0.006689375 -0.858805299 -0.047087766 -0.007187969 0.998864830 81.006683350
0.996717513 0.009952665 0.080344960 -5.380634308 -0.010636666 0.999910712 0.008089778 -0.864918709 -0.080257267 -0.008917825 0.996734321 81.458114624
0.992997646 0.010055674 0.117706411 -5.301104069 -0.011112275 0.999903619 0.008323730 -0.867123842 -0.117611356 -0.009573430 0.993013561 81.901229858
0.987110376 0.009957527 0.159730807 -5.218882561 -0.011468285 0.999897778 0.008539082 -0.875619411 -0.159629464 -0.010260855 0.987123609 82.300979614
0.978778422 0.009608303 0.204696134 -5.102708817 -0.011596997 0.999896407 0.008517900 -0.882876575 -0.204593107 -0.010710998 0.978788495 82.713249207
0.967214406 0.011888154 0.253682584 -4.967033386 -0.013952860 0.999882519 0.006341198 -0.889095724 -0.253577381 -0.009672897 0.967266738 83.119583130
0.951645076 0.012973079 0.306925595 -4.813195229 -0.014692723 0.999886632 0.003292812 -0.894976974 -0.306848079 -0.007643160 0.951727808 83.504508972
0.931725860 0.013551007 0.362909406 -4.636981010 -0.014928533 0.999888062 0.000991461 -0.899326265 -0.362855315 -0.006341475 0.931823909 83.872962952
0.907651424 0.013644293 0.419502944 -4.450140953 -0.014739312 0.999891162 -0.000630864 -0.907155752 -0.419465840 -0.005610580 0.907753706 84.182975769
0.878536522 0.013874483 0.477473587 -4.232471943 -0.014373150 0.999893248 -0.002608867 -0.912768900 -0.477458775 -0.004570814 0.878642201 84.508155823
0.845006168 0.012809242 0.534603119 -3.987597466 -0.011882323 0.999915957 -0.005176792 -0.916694760 -0.534624517 -0.001977906 0.845087409 84.814453125
0.807880282 0.012531877 0.589213431 -3.728483915 -0.010537534 0.999921203 -0.006818965 -0.922985792 -0.589252412 -0.000699949 0.807948709 85.105255127
0.767763674 0.011105655 0.640637040 -3.453729153 -0.009725326 0.999936521 -0.005679034 -0.934503734 -0.640659392 -0.001870247 0.767822921 85.373603821
0.724895895 0.010642662 0.688776255 -3.163360834 -0.011326539 0.999929607 -0.003529960 -0.943188846 -0.688765347 -0.005242597 0.724965334 85.623527527
0.679536939 0.009657341 0.733577728 -2.858627081 -0.010488500 0.999939084 -0.003448070 -0.949285746 -0.733566344 -0.005351038 0.679596841 85.849754333
0.636021137 0.007671406 0.771633506 -2.523085594 -0.005955956 0.999969721 -0.005032257 -0.955978394 -0.771648705 -0.001395193 0.636047542 86.011352539
0.589378536 0.005049464 0.807841241 -2.189188480 -0.000214163 0.999981403 -0.006094201 -0.962277710 -0.807857096 0.003418782 0.589368641 86.190643311
0.542611420 0.006992246 0.839954734 -1.857001305 -0.002248292 0.999973834 -0.006871934 -0.972913384 -0.839980900 0.001840327 0.542613029 86.360450745
0.495942563 0.009928244 0.868298590 -1.516874194 -0.005623682 0.999950349 -0.008221514 -0.979654372 -0.868337154 -0.000805636 0.495973855 86.511810303
0.450237900 0.012133530 0.892826200 -1.173193455 -0.006122393 0.999926090 -0.010501597 -0.986613333 -0.892887712 -0.000738016 0.450278968 86.652275085
0.407570243 0.009728477 0.913121998 -0.819612622 0.001118712 0.999937177 -0.011152748 -0.992168069 -0.913173199 0.005567049 0.407533854 86.768745422
0.367001593 0.001898453 0.930218399 -0.451549411 0.015729848 0.999842227 -0.008246485 -1.003728509 -0.930087328 0.017658666 0.366913825 86.871826172
0.331426978 -0.001506950 0.943479717 -0.084365629 0.019667294 0.999792457 -0.005311863 -1.006975889 -0.943275928 0.020316184 0.331387848 86.963493347
0.298184901 0.002424420 0.954505026 0.280449867 0.017028758 0.999824166 -0.007859268 -1.014988303 -0.954356253 0.018597553 0.298091143 87.058761597
0.267581761 0.009797012 0.963485360 0.649926662 0.006482452 0.999907374 -0.011967685 -1.030137539 -0.963513315 0.009448083 0.267493486 87.153686523
0.239364952 0.014160951 0.970826507 1.027752995 0.001905139 0.999884844 -0.015054538 -1.046667933 -0.970927775 0.005453086 0.239310429 87.234611511
0.213040709 0.016033998 0.976911724 1.424992561 0.002700915 0.999851823 -0.016999520 -1.060611367 -0.977039576 0.006260145 0.212965846 87.315002441
0.189826548 0.017631751 0.981659353 1.829110384 0.010011156 0.999752045 -0.019892607 -1.068300724 -0.981766641 0.013603689 0.189602941 87.363418579
0.169971123 0.023452559 0.985169947 2.240012884 0.016957060 0.999499202 -0.026719272 -1.071884394 -0.985303044 0.021247091 0.169488296 87.404632568
0.150143087 0.030692110 0.988187730 2.662944078 0.018763030 0.999249578 -0.033886492 -1.069763064 -0.988486290 0.023629216 0.149454504 87.456771851
0.132304952 0.031346876 0.990713358 3.102383137 0.016714314 0.999287248 -0.033850275 -1.082583070 -0.991068065 0.021037651 0.131686687 87.514007568
0.116965421 0.026908372 0.992771506 3.553490162 0.015635792 0.999459088 -0.028931804 -1.102970362 -0.993012905 0.018906787 0.116481431 87.559669495
0.102362722 0.023663690 0.994465590 4.023692131 0.015351889 0.999560416 -0.025365127 -1.125043750 -0.994628727 0.017863369 0.101954438 87.600105286
0.089348316 0.021029036 0.995778441 4.507714272 0.017845510 0.999582767 -0.022710606 -1.142018437 -0.995840609 0.019799326 0.088935778 87.631134033
0.077770554 0.020429764 0.996761918 5.001053810 0.021553842 0.999521852 -0.022168033 -1.154717684 -0.996738315 0.023208069 0.077293038 87.655845642
0.067629047 0.021032808 0.997488797 5.511618137 0.025044441 0.999426961 -0.022771668 -1.166358948 -0.997396111 0.026521575 0.067063518 87.682281494
0.059855327 0.021590814 0.997973561 6.038203239 0.027246716 0.999358237 -0.023254940 -1.179890156 -0.997835100 0.028583432 0.059228629 87.706611633
0.054151509 0.021902733 0.998292506 6.589019775 0.029041871 0.999301910 -0.023500225 -1.196131825 -0.998110235 0.030264854 0.053477619 87.733993530
0.048673853 0.023199139 0.998545289 7.145319939 0.030408930 0.999232292 -0.024697378 -1.206975102 -0.998351693 0.031566806 0.047931019 87.755187988
0.043130204 0.023838785 0.998784959 7.720938683 0.031321809 0.999191582 -0.025201047 -1.221541405 -0.998578310 0.032370679 0.042348661 87.770156860
0.038200267 0.023752162 0.998987794 8.321107864 0.033440065 0.999127090 -0.025034191 -1.242636085 -0.998710394 0.034362532 0.037372652 87.796730042
0.035392378 0.023949692 0.999086499 8.943719864 0.034704141 0.999080420 -0.025178932 -1.258887291 -0.998770714 0.035563577 0.034528680 87.813850403
0.032358658 0.023137946 0.999208510 9.580835342 0.035830572 0.999062538 -0.024294915 -1.281818032 -0.998833835 0.036588367 0.031499278 87.829658508
0.029994804 0.022591718 0.999294758 10.235348701 0.038014986 0.998995543 -0.023726011 -1.300191522 -0.998826921 0.038699828 0.029105851 87.845695496
0.029460499 0.022242552 0.999318421 10.909594536 0.042470582 0.998821735 -0.023483556 -1.318725109 -0.998663187 0.043133475 0.028481130 87.857597351
0.030604158 0.021908503 0.999291420 11.599812508 0.045858447 0.998676240 -0.023299469 -1.336144805 -0.998478949 0.046539012 0.029558951 87.872566223
0.033132616 0.021775849 0.999213755 12.304286003 0.047772218 0.998585284 -0.023346219 -1.356345415 -0.998308480 0.048508164 0.032045465 87.894706726
0.036762439 0.021750227 0.999087334 13.029417038 0.050151449 0.998463094 -0.023582011 -1.377676487 -0.998064816 0.050972603 0.035615131 87.922706604
0.041038409 0.021382447 0.998928785 13.774356842 0.050552096 0.998446047 -0.023448918 -1.396145940 -0.997877955 0.051460255 0.039893705 87.955795288
0.045182094 0.019908009 0.998780370 14.530389786 0.052068803 0.998395443 -0.022255789 -1.415087581 -0.997620821 0.053010866 0.044073008 87.989807129
0.048950110 0.018141184 0.998636544 15.291219711 0.051795941 0.998443604 -0.020676561 -1.438609719 -0.997457266 0.052737441 0.047934275 88.035179138
0.053276207 0.015878201 0.998453557 16.073741913 0.049062073 0.998624384 -0.018498804 -1.458867073 -0.997373819 0.049971744 0.052423902 88.077194214
0.056936651 0.014803262 0.998268068 16.869848251 0.048356261 0.998675585 -0.017567327 -1.478661180 -0.997206032 0.049272727 0.056145411 88.137924194
0.060960833 0.015562654 0.998018801 17.671806335 0.045592073 0.998791397 -0.018359551 -1.501812577 -0.997098327 0.046620961 0.060177613 88.195793152
0.064407341 0.019815106 0.997726917 18.472494125 0.043298926 0.998805821 -0.022631653 -1.526448965 -0.996983826 0.044658151 0.063472450 88.240570068
0.065714248 0.025520319 0.997512102 19.273374557 0.037599307 0.998899698 -0.028032787 -1.545056701 -0.997129858 0.039347917 0.064682387 88.304267883
0.065435141 0.028390940 0.997452855 20.082099915 0.034741715 0.998924375 -0.030711954 -1.576187968 -0.997251809 0.036662854 0.064378403 88.365402222
0.065785199 0.027754012 0.997447789 20.891969681 0.032485113 0.999023616 -0.029940372 -1.612858176 -0.997304857 0.034371831 0.064819373 88.421600342
0.065894417 0.026029935 0.997487068 21.703872681 0.029502887 0.999171853 -0.028022874 -1.645070434 -0.997390270 0.031275298 0.065071873 88.482490540
0.065647699 0.024871087 0.997532904 22.521430969 0.030379809 0.999176145 -0.026911354 -1.675457478 -0.997380316 0.032071523 0.064838029 88.541320801
0.065988384 0.023906227 0.997533977 23.341192245 0.028159956 0.999270141 -0.025810661 -1.713317871 -0.997422934 0.029793710 0.065267026 88.604721069
0.065814212 0.024326522 0.997535348 24.157701492 0.026394695 0.999310553 -0.026111254 -1.747375965 -0.997482717 0.028048132 0.065126769 88.663093567
0.065900721 0.024723139 0.997519851 24.967634201 0.023391141 0.999380112 -0.026314564 -1.782894135 -0.997552037 0.025067275 0.065281555 88.722602844
0.064494498 0.026232725 0.997573316 25.777782440 0.020519760 0.999408245 -0.027607614 -1.813370347 -0.997707069 0.022250498 0.063918054 88.786468506
0.061914634 0.025845002 0.997746825 26.596260071 0.017235804 0.999487877 -0.026959663 -1.846594453 -0.997932673 0.018866165 0.061437469 88.843383789
0.058111422 0.024997536 0.997997165 27.401586533 0.014945940 0.999552608 -0.025906771 -1.873851895 -0.998198211 0.016421486 0.057711810 88.889099121
0.053187475 0.022444190 0.998332381 28.212949753 0.013164023 0.999644637 -0.023175031 -1.905013561 -0.998497725 0.014374691 0.052873120 88.937644958
0.047312789 0.019949809 0.998681009 29.024518967 0.011172279 0.999727368 -0.020500006 -1.938689947 -0.998817682 0.012127453 0.047077011 88.976158142
0.039318070 0.020506443 0.999016345 29.824447632 0.010698328 0.999723434 -0.020942014 -1.966738582 -0.999169409 0.011511204 0.039087806 89.013793945
0.030688019 0.021343889 0.999301136 30.624866486 0.010611551 0.999708652 -0.021678474 -1.994154096 -0.999472618 0.011269403 0.030452587 89.038414001
0.020740971 0.021675654 0.999549985 31.426837921 0.011470176 0.999694049 -0.021916792 -2.019989014 -0.999719083 0.011919589 0.020486003 89.055389404
0.010663643 0.020741919 0.999728024 32.218982697 0.012410835 0.999705255 -0.020873819 -2.050199270 -0.999866009 0.012630055 0.010403073 89.058662415
-0.000355939 0.019585198 0.999808133 33.013492584 0.011165881 0.999746025 -0.019580003 -2.081054449 -0.999937475 0.011156769 -0.000574533 89.062828064
-0.011453232 0.019141501 0.999751210 33.802204132 0.012573160 0.999740541 -0.018997256 -2.104370594 -0.999855340 0.012352453 -0.011690927 89.050117493
-0.022283208 0.019567624 0.999560177 34.576900482 0.013138845 0.999727786 -0.019278003 -2.130082607 -0.999665320 0.012703490 -0.022534238 89.030853271
-0.033282790 0.020284796 0.999240100 35.354309082 0.013031487 0.999717832 -0.019860441 -2.154974222 -0.999360919 0.012360574 -0.033537738 89.003944397
-0.043590683 0.021106435 0.998826504 36.124286652 0.012671794 0.999708116 -0.020572044 -2.185387135 -0.998969078 0.011760174 -0.043845415 88.959289551
-0.053921327 0.022192871 0.998298526 36.887470245 0.013243700 0.999680996 -0.021508267 -2.208796263 -0.998457313 0.012061412 -0.054198034 88.917182922
-0.063643783 0.022977438 0.997708142 37.647247314 0.014273812 0.999653637 -0.022111712 -2.235771894 -0.997870564 0.012833827 -0.063949719 88.867874146
-0.073208541 0.023362314 0.997042954 38.404815674 0.014621581 0.999643266 -0.022349646 -2.264282227 -0.997209430 0.012942159 -0.073524028 88.807296753
-0.082438603 0.023644755 0.996315598 39.142951965 0.015282593 0.999630928 -0.022458902 -2.293450117 -0.996478975 0.013374804 -0.082769528 88.744018555
-0.091013312 0.022908255 0.995586157 39.878463745 0.016348664 0.999634981 -0.021506874 -2.320555449 -0.995715439 0.014319090 -0.091354616 88.673507690
-0.098406121 0.021948190 0.994904220 40.615409851 0.018363623 0.999626577 -0.020236019 -2.346587420 -0.994976819 0.016278695 -0.098772421 88.595413208
-0.103954040 0.020494118 0.994370937 41.339611053 0.021178290 0.999606609 -0.018387992 -2.370144606 -0.994356573 0.019147571 -0.104347184 88.522918701
-0.107555844 0.018890044 0.994019628 42.047534943 0.024592277 0.999564052 -0.016334455 -2.393457174 -0.993894875 0.022688335 -0.107973501 88.438026428
-0.110224120 0.017733954 0.993748546 42.751880646 0.025810419 0.999554694 -0.014974740 -2.414326668 -0.993571579 0.023998486 -0.110632777 88.354454041
-0.111951843 0.016731193 0.993572772 43.436012268 0.025692124 0.999572754 -0.013937344 -2.437963963 -0.993381441 0.023966679 -0.112333886 88.278656006
-0.112674758 0.017221680 0.993482709 44.098274231 0.027067404 0.999532104 -0.014256722 -2.458444595 -0.993263125 0.025284633 -0.113088146 88.198478699
-0.111704074 0.018255202 0.993573904 44.745273590 0.027777677 0.999498010 -0.015241102 -2.477611780 -0.993353188 0.025896680 -0.112155072 88.128395081
-0.108632468 0.019881105 0.993883252 45.374305725 0.028814012 0.999442995 -0.016842917 -2.499577761 -0.993664265 0.026808074 -0.109144792 88.060981750
-0.103476360 0.020382194 0.994423091 46.007640839 0.028775584 0.999432802 -0.017490584 -2.522390127 -0.994215608 0.026805243 -0.104004182 87.995552063
-0.095896736 0.021137783 0.995166898 46.600883484 0.028158337 0.999431908 -0.018514972 -2.542404652 -0.994992971 0.026246717 -0.096437477 87.948616028
-0.084348008 0.021207763 0.996210694 47.182308197 0.027226601 0.999449253 -0.018971462 -2.563255310 -0.996064365 0.025523227 -0.084878966 87.903945923
-0.070761181 0.021198744 0.997268081 47.740673065 0.026462309 0.999462187 -0.019367754 -2.589262724 -0.997142255 0.025019532 -0.071284086 87.875877380
-0.054024432 0.022376619 0.998288810 48.274276733 0.025516517 0.999453366 -0.021021843 -2.612546206 -0.998213589 0.024337161 -0.054565866 87.865776062
-0.032357097 0.024905751 0.999165952 48.806720734 0.023037378 0.999442458 -0.024166597 -2.639636993 -0.999210835 0.022236202 -0.032912817 87.857933044
-0.007788648 0.027918432 0.999579847 49.329566956 0.020797487 0.999398589 -0.027751308 -2.664307356 -0.999753356 0.020572606 -0.008364594 87.873832703
0.020481734 0.029436225 0.999356747 49.841632843 0.018933879 0.999375820 -0.029824834 -2.687753916 -0.999610960 0.019532567 0.019911608 87.907287598
0.053791340 0.028833438 0.998135805 50.354553223 0.016643582 0.999418318 -0.029767437 -2.708542585 -0.998413503 0.018213782 0.053280160 87.955047607
0.092565246 0.026579205 0.995351791 50.848865509 0.015744902 0.999479592 -0.028153669 -2.727437973 -0.995582163 0.018277766 0.092098586 88.011154175
0.134566739 0.023129512 0.990634620 51.357418060 0.014268674 0.999578655 -0.025276579 -2.744984150 -0.990801811 0.017536422 0.134179965 88.100051880
0.180494294 0.018891245 0.983394682 51.840919495 0.011435968 0.999707639 -0.021303605 -2.765728235 -0.983509541 0.015091244 0.180225462 88.207504272
0.228830099 0.015730176 0.973339319 52.328876495 0.006954432 0.999817610 -0.017793065 -2.781845570 -0.973441541 0.010840608 0.228678912 88.354385376
0.280804276 0.014167751 0.959660530 52.795978546 0.003093616 0.999872625 -0.015666630 -2.800366163 -0.959760070 0.007368078 0.280724615 88.521438599
0.335673511 0.013921409 0.941875517 53.250766754 0.001960931 0.999878407 -0.015477572 -2.815128326 -0.941976368 0.007042363 0.335605294 88.716438293
0.391135424 0.014778096 0.920214534 53.671985626 0.003977285 0.999834538 -0.017747283 -2.829489470 -0.920324564 0.010601547 0.391011864 88.953086853
0.451742232 0.017659897 0.891973734 54.087001801 0.005006676 0.999738097 -0.022329133 -2.849485397 -0.892134488 0.014552834 0.451535463 89.188392639
0.511780620 0.020179037 0.858879209 54.488597870 0.006444217 0.999605775 -0.027325273 -2.873360395 -0.859091938 0.019519351 0.511448860 89.457817078
0.570656180 0.024948429 0.820810080 54.850914001 0.002586105 0.999478817 -0.032176998 -2.879683495 -0.821185112 0.020484703 0.570294201 89.747024536
0.624290943 0.028778464 0.780661702 55.166809082 -0.001832742 0.999372482 -0.035375416 -2.883397818 -0.781189799 0.020653805 0.623951852 90.082717896
0.677753150 0.029330511 0.734704256 55.493400574 -0.003506254 0.999321699 -0.036659975 -2.903547287 -0.735281169 0.022270348 0.677396178 90.424423218
0.727359891 0.026528984 0.685743272 55.796928406 -0.003513621 0.999383509 -0.034935750 -2.929608107 -0.686247230 0.023001425 0.727004588 90.781288147
0.771995544 0.024853230 0.635141969 56.042163849 -0.006714487 0.999498487 -0.030949315 -2.934232473 -0.635592580 0.019628080 0.771775126 91.157241821
0.812616587 0.020500576 0.582438111 56.278575897 -0.007668032 0.999670684 -0.024487851 -2.939740419 -0.582748175 0.015433081 0.812506318 91.563888550
0.849279106 0.018735012 0.527611494 56.497909546 -0.010513475 0.999772131 -0.018577809 -2.946097612 -0.527839363 0.010230715 0.849282682 91.988212585
0.880431592 0.015380763 0.473923743 56.682689667 -0.011353842 0.999871016 -0.011357303 -2.956642151 -0.474037260 0.004618475 0.880492747 92.418266296
0.906151175 0.016168844 0.422644943 56.847354889 -0.015186235 0.999868453 -0.005691993 -2.970644236 -0.422681272 -0.001260581 0.906277537 92.852218628
0.925753534 0.018471256 0.377676129 56.969528198 -0.019138778 0.999814808 -0.001985940 -2.984594345 -0.377642840 -0.005389770 0.925935745 93.287803650
0.940628290 0.023405356 0.338630557 57.074569702 -0.025338234 0.999678135 0.001287638 -2.998626471 -0.338491440 -0.009791487 0.940918446 93.715881348
0.952425539 0.027685469 0.303511679 57.183689117 -0.029198917 0.999573588 0.000448505 -3.001738787 -0.303369820 -0.009289378 0.952827573 94.174049377
0.961478949 0.030299626 0.273203909 57.284263611 -0.031631302 0.999499500 0.000469842 -3.001733541 -0.273052931 -0.009093537 0.961956024 94.640815735
0.967556298 0.025122000 0.251403630 57.393184662 -0.026034711 0.999661028 0.000304571 -3.004215479 -0.251310706 -0.006839911 0.967882276 95.111984253
0.971506417 0.021921782 0.235997304 57.496833801 -0.022943189 0.999735534 0.001582525 -3.018877745 -0.235900179 -0.006951963 0.971752346 95.594238281
0.974328041 0.027209848 0.223482698 57.590053558 -0.028130647 0.999603808 0.000937018 -3.022759676 -0.223368645 -0.007199674 0.974707365 96.090835571
0.976318002 0.032238439 0.213925377 57.680786133 -0.033426397 0.999439299 0.001937229 -3.025657654 -0.213742971 -0.009042107 0.976848006 96.595970154
0.977533162 0.038698390 0.207198724 57.783313751 -0.039639678 0.999213874 0.000391541 -3.020352602 -0.207020685 -0.008596034 0.978298724 97.074867249
0.977827609 0.044596482 0.204608008 57.874389648 -0.044929393 0.998985529 -0.003020588 -3.026758909 -0.204535156 -0.006239302 0.978839338 97.593849182
0.977978349 0.046387564 0.203486174 57.984294891 -0.046185732 0.998916328 -0.005743118 -3.035154581 -0.203532085 -0.003781514 0.979060948 98.132682800
0.977441192 0.045026582 0.206352532 58.093769073 -0.043984771 0.998985767 -0.009635861 -3.041721106 -0.206577122 0.000342118 0.978430271 98.673408508
0.976687908 0.044129595 0.210079640 58.217021942 -0.041743275 0.999003708 -0.015781999 -3.053986788 -0.210566834 0.006644672 0.977556825 99.221611023
0.975958467 0.043283205 0.213615522 58.350898743 -0.039825607 0.998997033 -0.020465067 -3.057352543 -0.214287043 0.011465685 0.976703465 99.770027161
0.974672854 0.048005123 0.218422830 58.466812134 -0.044657443 0.998797297 -0.020240493 -3.067513943 -0.219131783 0.009973654 0.975644350 100.354698181
0.973275065 0.051129609 0.223878503 58.596778870 -0.048702113 0.998679459 -0.016355027 -3.080982447 -0.224419072 0.005014583 0.974479914 100.946449280
0.972312510 0.048258144 0.228647679 58.740192413 -0.046765514 0.998834491 -0.011945032 -3.092620611 -0.228957638 0.000921476 0.973435998 101.549278259
0.971580148 0.043961380 0.232592940 58.889549255 -0.043726161 0.999024510 -0.006169663 -3.106687307 -0.232637271 -0.004176075 0.972554684 102.163917542
0.970861793 0.041384280 0.236039445 59.050571442 -0.042293329 0.999104500 -0.001212661 -3.119722128 -0.235878229 -0.008805566 0.971742690 102.788223267
0.970285952 0.036677714 0.239165202 59.207485199 -0.037591469 0.999292910 -0.000741346 -3.125734091 -0.239023253 -0.008271251 0.970978558 103.427474976
0.970344901 0.033300161 0.239419892 59.368007660 -0.033324953 0.999436855 -0.003945796 -3.133754253 -0.239416391 -0.004149872 0.970908046 104.069969177
0.970431685 0.032584608 0.239166528 59.526733398 -0.030891301 0.999464154 -0.010826125 -3.145100594 -0.239391118 0.003117851 0.970918179 104.719627380
0.970592678 0.035288163 0.238127485 59.686584473 -0.032065723 0.999334395 -0.017393695 -3.154778242 -0.238582790 0.009246460 0.971078038 105.365173340
0.971217573 0.037954096 0.235151157 59.846878052 -0.033922601 0.999200284 -0.021167301 -3.164577484 -0.235766485 0.012581112 0.971728206 106.040916443
0.971786201 0.036515757 0.233019531 60.004436493 -0.033474855 0.999295115 -0.016992614 -3.175566912 -0.233475775 0.008712891 0.972323537 106.735092163
0.972192824 0.032434680 0.231924921 60.169448853 -0.031068143 0.999471784 -0.009543248 -3.189453840 -0.232111916 0.002072402 0.972686887 107.445823669
0.972778499 0.033085786 0.229363114 60.338722229 -0.033233687 0.999442458 -0.003219023 -3.208940029 -0.229341716 -0.004491187 0.973335624 108.157890320
0.973024070 0.036588311 0.227784231 60.496608734 -0.036626894 0.999320805 -0.004059169 -3.219363689 -0.227778018 -0.004393361 0.973703206 108.889259338
0.973318577 0.042330310 0.225519747 60.652004242 -0.041435190 0.999103189 -0.008703090 -3.228702784 -0.225685909 -0.000873574 0.974199712 109.619491577
0.974173069 0.043224461 0.221627250 60.815181732 -0.041165434 0.999055624 -0.013903485 -3.239506960 -0.222018898 0.004421019 0.975032270 110.349998474
0.975139678 0.041821621 0.217609361 60.982479095 -0.039069388 0.999092996 -0.016936693 -3.250865936 -0.218120292 0.008013777 0.975888968 111.106338501
0.976033747 0.040023591 0.213907644 61.146995544 -0.037622888 0.999175131 -0.015284029 -3.267021656 -0.214342922 0.006869904 0.976734340 111.881141663
0.976942897 0.035924803 0.210457310 61.317565918 -0.033933487 0.999338627 -0.013066664 -3.286711693 -0.210787565 0.005623832 0.977515638 112.658332825
0.977366984 0.034629177 0.208697855 61.483684540 -0.033211980 0.999395370 -0.010292155 -3.302474737 -0.208928108 0.003127941 0.977925897 113.452148438
0.977693856 0.031818680 0.207610875 61.649040222 -0.030809728 0.999492526 -0.008092320 -3.313009262 -0.207763016 0.001515377 0.978177965 114.251792908
0.977951646 0.026524045 0.207140282 61.822597504 -0.025678929 0.999647379 -0.006768050 -3.328320503 -0.207246706 0.001299686 0.978287756 115.036277771
0.978013694 0.027531167 0.206715584 61.984905243 -0.027048334 0.999620855 -0.005162094 -3.341703415 -0.206779271 -0.000542712 0.978387475 115.837501526
0.977801502 0.032927074 0.206929788 62.148788452 -0.032120824 0.999457717 -0.007255703 -3.351408482 -0.207056448 0.000447883 0.978328884 116.656745911
0.977539778 0.038155027 0.207268134 62.317718506 -0.036786858 0.999268472 -0.010452646 -3.367409229 -0.207515299 0.002593135 0.978228331 117.482368469
0.976924717 0.046858467 0.208380327 62.477226257 -0.045361713 0.998899043 -0.011958452 -3.379197836 -0.208711252 0.002230020 0.977974772 118.312866211
0.975981772 0.052903716 0.211330920 62.639625549 -0.051579524 0.998599470 -0.011777472 -3.390984535 -0.211658001 0.000594249 0.977343619 119.141197205
0.975162983 0.055539761 0.214411631 62.807895660 -0.054698095 0.998454273 -0.009861175 -3.409217834 -0.214627847 -0.002111654 0.976693630 119.981819153
0.974642575 0.055823997 0.216692492 62.997722626 -0.054916937 0.998438716 -0.010210137 -3.440454960 -0.216924176 -0.001948858 0.976186514 120.817375183
0.974315524 0.054215852 0.218563393 63.181324005 -0.052603904 0.998528242 -0.013191905 -3.453564644 -0.218956947 0.001355789 0.975733578 121.649139404
0.974272788 0.048297886 0.220136315 63.371128082 -0.046830285 0.998832166 -0.011883602 -3.472259998 -0.220453218 0.001268822 0.975396693 122.490196228
0.974561930 0.041587438 0.220226228 63.568916321 -0.039611444 0.999125600 -0.013382908 -3.493518829 -0.220590204 0.004318992 0.975356996 123.326515198
0.974393904 0.040640965 0.221144527 63.763004303 -0.038710382 0.999165177 -0.013058774 -3.522946596 -0.221490651 0.004163801 0.975153625 124.155860901
0.973829985 0.043211497 0.223132044 63.950252533 -0.041953072 0.999065697 -0.010379315 -3.539256334 -0.223372057 0.000746612 0.974732995 125.003555298
0.973428607 0.045197215 0.224486127 64.131797791 -0.045322724 0.998961926 -0.004596534 -3.556079388 -0.224460840 -0.005699926 0.974466443 125.841362000
0.972985327 0.049069233 0.225592107 64.309867859 -0.050241537 0.998736978 -0.000545148 -3.574614525 -0.225333929 -0.010803674 0.974221706 126.674827576
0.972759187 0.048518941 0.226683736 64.497413635 -0.048270222 0.998812258 -0.006643674 -3.597214937 -0.226736829 -0.004479379 0.973945856 127.503990173
0.973073959 0.044105195 0.226234540 64.692619324 -0.040311951 0.998958707 -0.021361766 -3.612797737 -0.226941153 0.011666620 0.973838627 128.311370850
