1.000000000 -0.000000000 0.000000000 0.000000007 -0.000000000 1.000000000 -0.000000000 0.000000119 0.000000000 -0.000000000 1.000000000 -0.000000000
0.999991477 -0.002419367 -0.003348842 -0.003283912 0.002412068 0.999994695 -0.002182005 -0.005416466 0.003354104 0.002173908 0.999992013 0.664909720
0.999969840 -0.001186698 -0.007668402 -0.007753695 0.001159342 0.999992907 -0.003570820 -0.009651129 0.007672585 0.003561823 0.999964178 1.368959785
0.999934316 -0.001020624 -0.011419174 -0.025808649 0.000962383 0.999986589 -0.005104628 -0.010807457 0.011424228 0.005093303 0.999921799 2.067310333
0.999867857 0.000260336 -0.016257443 -0.046672069 -0.000356050 0.999982715 -0.005884815 -0.013239944 0.016255626 0.005889825 0.999850571 2.795892477
0.999787509 -0.000945137 -0.020600049 -0.061964881 0.000827994 0.999983430 -0.005694330 -0.029825771 0.020605093 0.005676063 0.999771595 3.527184248
0.999684036 0.000879999 -0.025126513 -0.087574922 -0.001056606 0.999974787 -0.007016303 -0.033758491 0.025119711 0.007040634 0.999659598 4.279756069
0.999558091 0.003480754 -0.029521191 -0.125026301 -0.003712822 0.999962568 -0.007809935 -0.040798951 0.029492904 0.007916090 0.999533653 5.041854858
0.999418437 0.003970005 -0.033867560 -0.153586924 -0.004170482 0.999974132 -0.005850845 -0.053637639 0.033843454 0.005988688 0.999409199 5.822380066
0.999248624 0.003418481 -0.038607251 -0.185961813 -0.003550577 0.999988079 -0.003353501 -0.058515996 0.038595326 0.003488061 0.999248803 6.624190807
0.999125659 0.003066207 -0.041696209 -0.228328362 -0.003091727 0.999995053 -0.000547575 -0.068158962 0.041694328 0.000676011 0.999130249 7.429794788
0.999019682 0.004422681 -0.044044785 -0.274504006 -0.004486588 0.999988914 -0.001352189 -0.075631879 0.044038322 0.001548475 0.999028683 8.247212410
0.998917937 0.003981138 -0.046336439 -0.318503439 -0.004057197 0.999990463 -0.001547518 -0.081284359 0.046329848 0.001733840 0.998924673 9.067378044
0.998854280 0.001034160 -0.047842387 -0.362856746 -0.001132833 0.999997139 -0.002035378 -0.088031314 0.047840159 0.002087244 0.998852789 9.899938583
0.998736560 0.000566611 -0.050247874 -0.399494708 -0.000629454 0.999999046 -0.001234834 -0.096083499 0.050247122 0.001264903 0.998736024 10.751140594
0.998663843 -0.000884464 -0.051670626 -0.446781844 0.000796999 0.999998212 -0.001713310 -0.101975463 0.051672045 0.001669839 0.998662710 11.600629807
0.998583078 0.001462446 -0.053194687 -0.502840579 -0.001673099 0.999990880 -0.003915719 -0.112606652 0.053188477 0.003999171 0.998576462 12.457593918
0.998494864 0.001752778 -0.054817129 -0.550363362 -0.002112346 0.999976635 -0.006502153 -0.122597374 0.054804459 0.006608160 0.998475254 13.327712059
0.998401225 0.005546018 -0.056250893 -0.611371398 -0.005992698 0.999951839 -0.007775262 -0.138401344 0.056205060 0.008099924 0.998386383 14.200581551
0.998326600 0.006475572 -0.057462882 -0.664681315 -0.006913247 0.999948561 -0.007421132 -0.149726242 0.057411868 0.007805968 0.998320103 15.093512535
0.998246551 0.005495518 -0.058937024 -0.719270825 -0.005848213 0.999966025 -0.005813429 -0.165364847 0.058903068 0.006147912 0.998244762 15.988018990
0.998180032 0.006203542 -0.059984744 -0.783327281 -0.006484183 0.999968946 -0.004484996 -0.176134899 0.059955060 0.004865785 0.998189270 16.884357452
0.998140872 0.005595920 -0.060690630 -0.845172524 -0.005865140 0.999973774 -0.004258695 -0.191967055 0.060665209 0.004606737 0.998147547 17.787595749
0.998001516 0.005909569 -0.062913217 -0.897829592 -0.006240792 0.999967694 -0.005069564 -0.206136972 0.062881224 0.005452061 0.998006165 18.701583862
0.997944057 0.004541519 -0.063930757 -0.961411059 -0.004915298 0.999971747 -0.005690574 -0.219646782 0.063903116 0.005993112 0.997938216 19.615427017
0.997912109 0.004149665 -0.064452939 -1.019613147 -0.004414334 0.999982417 -0.003964542 -0.229862228 0.064435363 0.004240782 0.997912943 20.534652710
0.997911274 0.006106668 -0.064309902 -1.084797978 -0.006163955 0.999980748 -0.000692406 -0.241453514 0.064304441 0.001087363 0.997929752 21.462598801
0.997981727 0.007137393 -0.063099019 -1.151165962 -0.006967732 0.999971449 0.002908455 -0.248362392 0.063117981 -0.002462928 0.998003066 22.395252228
0.998085499 0.006112659 -0.061546959 -1.212086916 -0.005752678 0.999965250 0.006024416 -0.257762581 0.061581649 -0.005658823 0.998086035 23.327657700
0.998170078 0.005877695 -0.060182136 -1.270189285 -0.005480592 0.999962151 0.006761294 -0.262593627 0.060219593 -0.006419088 0.998164475 24.276277542
0.998245776 0.006357357 -0.058864664 -1.327041626 -0.006142742 0.999973893 0.003826145 -0.267483532 0.058887448 -0.003457843 0.998258650 25.224060059
0.998296440 0.006938080 -0.057932127 -1.385276794 -0.006999703 0.999975145 -0.000860842 -0.274422288 0.057924714 0.001264883 0.998320162 26.163763046
0.998375177 0.006585666 -0.056602005 -1.442890406 -0.006799077 0.999970496 -0.003578627 -0.287644178 0.056576770 0.003957653 0.998390436 27.120079041
0.998422682 0.004100663 -0.055993658 -1.493030787 -0.004269059 0.999986708 -0.002888140 -0.293528050 0.055981066 0.003122625 0.998426974 28.075832367
0.998442829 0.002223164 -0.055740815 -1.556520820 -0.002102989 0.999995410 0.002214515 -0.304883361 0.055745475 -0.002093844 0.998442829 29.050647736
0.998396337 -0.001115415 -0.056598987 -1.610512018 0.001453982 0.999981344 0.005941025 -0.320626259 0.056591295 -0.006013792 0.998379290 30.005323410
0.998297513 -0.008486963 -0.057706360 -1.660319924 0.008808532 0.999947131 0.005320389 -0.326319039 0.057658151 -0.005819638 0.998319447 30.979919434
0.998193145 -0.010875829 -0.059094086 -1.713760972 0.010979082 0.999938726 0.001422836 -0.331989229 0.059074990 -0.002069063 0.998251379 31.951173782
0.998098910 -0.010611476 -0.060712349 -1.772834063 0.010477442 0.999941945 -0.002525629 -0.338536114 0.060735624 0.001884717 0.998152137 32.929885864
0.997992873 -0.009388528 -0.062626906 -1.838897586 0.009209653 0.999952674 -0.003144230 -0.349265128 0.062653445 0.002561147 0.998032033 33.911262512
0.997936368 -0.010020375 -0.063424706 -1.901892185 0.009933433 0.999949276 -0.001685955 -0.359478116 0.063438378 0.001052451 0.997985184 34.907253265
0.997882426 -0.006321348 -0.064734824 -1.971600771 0.006402430 0.999978960 0.001045157 -0.374975234 0.064726852 -0.001457404 0.997901917 35.901557922
0.997809350 -0.005846240 -0.065896712 -2.036688805 0.006021009 0.999978840 0.002453861 -0.389480233 0.065880977 -0.002845250 0.997823417 36.891357422
0.997742534 -0.005121666 -0.066959284 -2.105686426 0.005468469 0.999972641 0.004997034 -0.395859092 0.066931866 -0.005351917 0.997743249 37.888359070
0.997763872 -0.004555248 -0.066682637 -2.171590805 0.005104102 0.999954462 0.008062785 -0.406368345 0.066642880 -0.008385111 0.997741759 38.878429413
0.997749627 0.000970723 -0.067043044 -2.251947641 -0.000273876 0.999945879 0.010402426 -0.410874546 0.067049511 -0.010360656 0.997695863 39.866851807
0.997747183 0.001287749 -0.067074463 -2.324702978 -0.000644741 0.999953628 0.009607246 -0.413898557 0.067083731 -0.009542358 0.997701764 40.856201172
0.997725666 0.001119703 -0.067396700 -2.386214495 -0.000593316 0.999969244 0.007829779 -0.413143933 0.067403384 -0.007771985 0.997695565 41.845947266
0.997732580 0.004042951 -0.067181453 -2.463108063 -0.003658314 0.999976218 0.005847381 -0.428655356 0.067203514 -0.005588353 0.997723699 42.845046997
0.997670293 0.003682414 -0.068120822 -2.532915354 -0.003270821 0.999975741 0.006152650 -0.437891871 0.068141833 -0.005915505 0.997658193 43.843830109
0.997573197 0.001749867 -0.069604516 -2.603035450 -0.001244806 0.999972641 0.007298854 -0.443579018 0.069615386 -0.007194497 0.997548044 44.833438873
0.997522175 0.001988349 -0.070324175 -2.670258284 -0.001398513 0.999963462 0.008435627 -0.451455742 0.070338376 -0.008316375 0.997488558 45.819911957
0.997493029 0.004399749 -0.070627801 -2.743129253 -0.004070905 0.999980211 0.004799275 -0.459903359 0.070647508 -0.004499723 0.997491241 46.796463013
0.997454047 0.004819569 -0.071148030 -2.827432394 -0.004779459 0.999988377 0.000733994 -0.468365222 0.071150735 -0.000392074 0.997465551 47.761779785
0.997406840 0.005677606 -0.071745455 -2.898183107 -0.005736943 0.999983311 -0.000621009 -0.473475993 0.071740732 0.001030999 0.997422755 48.723709106
0.997402906 0.004643196 -0.071874999 -2.969620466 -0.004429175 0.999985278 0.003136783 -0.487518162 0.071888499 -0.002810289 0.997408748 49.706996918
0.997438908 0.002724325 -0.071470715 -3.048387766 -0.002283746 0.999977887 0.006245460 -0.496952087 0.071486145 -0.006066244 0.997423172 50.675514221
0.997380137 0.000451174 -0.072337337 -3.105990648 0.000039627 0.999976993 0.006783324 -0.502692044 0.072338730 -0.006768420 0.997357190 51.626846313
0.997365296 -0.002892152 -0.072485059 -3.177911758 0.003303948 0.999979079 0.005561846 -0.510474205 0.072467446 -0.005786681 0.997354031 52.583862305
0.997322977 -0.005850347 -0.072887123 -3.243335485 0.006190521 0.999970973 0.004442108 -0.521124840 0.072859034 -0.004881426 0.997330308 53.534179688
0.997249484 -0.007250268 -0.073761605 -3.315692425 0.007680606 0.999955118 0.005552187 -0.529898465 0.073718034 -0.006103450 0.997260451 54.488525391
0.997150004 -0.010432108 -0.074717954 -3.388942003 0.011174345 0.999892235 0.009522690 -0.532066464 0.074610546 -0.010330475 0.997159243 55.443439484
0.997058690 -0.011211712 -0.075817779 -3.447360992 0.012356138 0.999816418 0.014642218 -0.537444770 0.075639702 -0.015535964 0.997014105 56.382648468
0.997067213 -0.009324016 -0.075961061 -3.531493187 0.010638048 0.999800384 0.016912524 -0.536854565 0.075788215 -0.017670998 0.996967316 57.328735352
0.996959984 -0.008202248 -0.077483237 -3.607332230 0.009225427 0.999874830 0.012856469 -0.538029134 0.077368088 -0.013532200 0.996910751 58.263778687
0.996863663 -0.006416341 -0.078877568 -3.682976723 0.006820013 0.999965012 0.004849383 -0.540725887 0.078843698 -0.005372118 0.996872485 59.174732208
0.996794939 -0.004915169 -0.079848349 -3.757641315 0.004974837 0.999987423 0.000548337 -0.558612406 0.079844646 -0.000943812 0.996806920 60.089199066
0.996753395 0.000361338 -0.080515139 -3.844212055 -0.000258747 0.999999106 0.001284609 -0.567687929 0.080515526 -0.001259605 0.996752620 60.988349915
0.996648550 0.002768786 -0.081757158 -3.928706169 -0.002462316 0.999989569 0.003849114 -0.581378460 0.081766956 -0.003634901 0.996644914 61.887523651
0.996562362 0.005615687 -0.082654886 -4.006840229 -0.005196311 0.999972463 0.005288069 -0.595682144 0.082682304 -0.004840388 0.996564209 62.773551941
0.996459484 0.006374219 -0.083831832 -4.083310127 -0.005977767 0.999969721 0.004979296 -0.603177428 0.083861023 -0.004460538 0.996467531 63.638889313
0.996322632 0.007876483 -0.085318916 -4.162578583 -0.007393645 0.999954820 0.005973733 -0.612792253 0.085362114 -0.005320947 0.996335804 64.486114502
0.996187150 0.008891026 -0.086788714 -4.241205692 -0.008357706 0.999943912 0.006506469 -0.622369647 0.086841695 -0.005756306 0.996205509 65.328498840
0.996072590 0.008686397 -0.088112935 -4.315526009 -0.008087491 0.999941766 0.007151750 -0.634833097 0.088169903 -0.006411050 0.996084809 66.149192810
0.995975316 0.008447367 -0.089229032 -4.389576435 -0.007756024 0.999937236 0.008091851 -0.639604628 0.089291774 -0.007367221 0.995978296 66.955490112
0.995833635 0.011187347 -0.090499341 -4.472494602 -0.010262125 0.999890268 0.010682416 -0.642205596 0.090608917 -0.009709194 0.995839179 67.752502441
0.995678663 0.012765237 -0.091983885 -4.541747570 -0.011420398 0.999820173 0.015131984 -0.652629912 0.092160515 -0.014016100 0.995645523 68.539962769
0.995482743 0.015705789 -0.093634464 -4.622552872 -0.014190966 0.999757826 0.016822038 -0.653563082 0.093875989 -0.015417285 0.995464504 69.313674927
0.995325148 0.018901717 -0.094713584 -4.705685139 -0.017762931 0.999759614 0.012852298 -0.665022194 0.094933741 -0.011109822 0.995421529 70.061485291
0.995200872 0.018926430 -0.096006081 -4.781159878 -0.018481236 0.999813974 0.005524353 -0.670761108 0.096092761 -0.003723529 0.995365381 70.784301758
0.995045424 0.018108398 -0.097758293 -4.848187447 -0.018218787 0.999833941 -0.000236607 -0.678648293 0.097737782 0.002016473 0.995210111 71.495590210
0.995002568 0.018653156 -0.098091438 -4.921201706 -0.018905429 0.999819815 -0.001642902 -0.680641115 0.098043136 0.003489153 0.995176017 72.190208435
0.994882405 0.021471679 -0.098731995 -5.001039028 -0.021363825 0.999769509 0.002149633 -0.692594230 0.098755412 -0.000029338 0.995111763 72.865699768
0.994763196 0.021757877 -0.099863976 -5.074631691 -0.021412307 0.999760568 0.004531081 -0.708178639 0.099938639 -0.002369034 0.994990826 73.521797180
0.994729698 0.018675491 -0.100816667 -5.137200832 -0.018661486 0.999825358 0.001082089 -0.717927337 0.100819275 0.000805003 0.994904399 74.146606445
0.994813681 0.010378638 -0.101183221 -5.184427261 -0.010846018 0.999932826 -0.004070091 -0.729588628 0.101134181 0.005146418 0.994859517 74.767898560
0.994943798 0.006423064 -0.100228399 -5.236106873 -0.007365924 0.999931991 -0.009039855 -0.735340893 0.100163519 0.009732421 0.994923472 75.361557007
0.995221555 0.008753632 -0.097249620 -5.295358658 -0.009723647 0.999907494 -0.009504999 -0.741870403 0.097157434 0.010405201 0.995214641 75.944465637
0.995570362 0.013876721 -0.092990041 -5.360462189 -0.014498594 0.999876797 -0.006015280 -0.763807595 0.092895105 0.007336859 0.995648861 76.520423889
0.995994270 0.012288644 -0.088569239 -5.407665730 -0.012613702 0.999915600 -0.003111339 -0.770532191 0.088523515 0.004216061 0.996065080 77.078712463
0.996544898 0.008801402 -0.082589380 -5.446136951 -0.008762413 0.999961257 0.000834529 -0.777716756 0.082593523 -0.000107962 0.996583343 77.622390747
0.997239172 0.004238841 -0.074136317 -5.477657318 -0.003919053 0.999982357 0.004458432 -0.794124186 0.074153900 -0.004155578 0.997238159 78.145019531
0.997925043 0.007715833 -0.063922778 -5.501262188 -0.007436031 0.999961734 0.004613948 -0.806430459 0.063955933 -0.004129043 0.997944176 78.663887024
0.998723805 0.012815800 -0.048850901 -5.527366161 -0.012635408 0.999912202 0.003999741 -0.811224282 0.048897870 -0.003377386 0.998798072 79.167877197
0.999372661 0.017890397 -0.030565441 -5.545111179 -0.017758586 0.999831855 0.004578558 -0.817678034 0.030642215 -0.004032886 0.999522209 79.659805298
0.999830723 0.016437756 -0.008264264 -5.537369251 -0.016396243 0.999852717 0.005066170 -0.822547495 0.008346332 -0.004929810 0.999952972 80.140907288
0.999761522 0.012995431 0.017552504 -5.501055241 -0.013100760 0.999896765 0.005899072 -0.828180790 -0.017474033 -0.006127616 0.999828517 80.595703125
0.998821378 0.011826478 0.047073539 -5.456861019 -0.012193032 0.999897480 0.007507282 -0.837230742 -0.046979927 -0.008072402 0.998863220 81.048538208
0.996723354 0.011272830 0.080096498 -5.399605751 -0.012022367 0.999888301 0.008881821 -0.843942821 -0.079987429 -0.009815668 0.996747553 81.499763489
0.992971778 0.011475183 0.117794216 -5.325099945 -0.012650274 0.999877453 0.009232945 -0.847151697 -0.117673829 -0.010658181 0.992995143 81.942970276
0.987186670 0.011325572 0.159167856 -5.235151291 -0.012936861 0.999874949 0.009090636 -0.851681292 -0.159044996 -0.011033285 0.987209737 82.346069336
0.978892088 0.010950625 0.204083979 -5.118309498 -0.013047161 0.999875009 0.008930180 -0.858107805 -0.203960672 -0.011404399 0.978912711 82.758712769
0.967314601 0.013293276 0.253230482 -4.984865665 -0.015431145 0.999860108 0.006457976 -0.861856878 -0.253109217 -0.010154531 0.967384458 83.165939331
0.951780021 0.014581433 0.306434542 -4.830791473 -0.016456373 0.999858379 0.003535762 -0.869867384 -0.306339532 -0.008408069 0.951885223 83.550376892
0.931957424 0.014933358 0.362259895 -4.652738571 -0.016333021 0.999866307 0.000801412 -0.871758759 -0.362199455 -0.006663680 0.932076871 83.917602539
0.907704890 0.015181438 0.419334501 -4.454001904 -0.016372593 0.999865711 -0.000758153 -0.882070363 -0.419289738 -0.006177414 0.907831490 84.261909485
0.878454328 0.014738829 0.477599084 -4.253328800 -0.015413850 0.999877930 -0.002505594 -0.892748654 -0.477577716 -0.005160589 0.878574252 84.565505981
0.845019937 0.013538266 0.534563422 -4.011404991 -0.013144023 0.999903202 -0.004545754 -0.900255442 -0.534573197 -0.003185061 0.845116138 84.864128113
0.807973146 0.013165137 0.589072227 -3.749986887 -0.011978154 0.999910712 -0.005917668 -0.909519911 -0.589097500 -0.002274682 0.808058679 85.154716492
0.767969668 0.011922223 0.640375257 -3.475099087 -0.011215569 0.999923706 -0.005165871 -0.918644905 -0.640388131 -0.003214942 0.768044770 85.421028137
0.724988818 0.011594641 0.688663125 -3.184338093 -0.012556985 0.999914587 -0.003615668 -0.922496974 -0.688646197 -0.006026214 0.725072384 85.673034668
0.679728687 0.010988393 0.733381391 -2.879770756 -0.011601608 0.999923706 -0.004229189 -0.922990263 -0.733371854 -0.005633703 0.679804265 85.897567749
0.633223772 0.009577425 0.773909628 -2.557454824 -0.008405954 0.999949574 -0.005496885 -0.932261527 -0.773923159 -0.003024691 0.633272290 86.101264954
0.586635649 0.006752510 0.809822917 -2.222716808 -0.002426788 0.999975383 -0.006580085 -0.940352917 -0.809847355 0.001894844 0.586637557 86.276718140
0.543925703 0.007725351 0.839097857 -1.874104977 -0.002831568 0.999968886 -0.007370950 -0.949483871 -0.839128554 0.001633287 0.543930709 86.392303467
0.497504264 0.010593971 0.867396832 -1.532432914 -0.006287387 0.999943256 -0.008606635 -0.956820369 -0.867438734 -0.001171821 0.497542739 86.543640137
0.452033311 0.012655449 0.891911387 -1.188424706 -0.006774624 0.999919355 -0.010754513 -0.965387344 -0.891975403 -0.001180965 0.452082515 86.680084229
0.409417152 0.010482414 0.912287176 -0.839277744 0.000759937 0.999929786 -0.011830497 -0.966541588 -0.912347078 0.005536888 0.409380347 86.792655945
0.369535953 0.002523881 0.929213047 -0.475110799 0.015556937 0.999839425 -0.008902503 -0.975907981 -0.929086268 0.017745502 0.369437277 86.886474609
0.334381312 -0.000708552 0.942437708 -0.106338643 0.019667529 0.999787271 -0.006226465 -0.977945685 -0.942232609 0.020617431 0.334324181 86.976531982
0.300888747 0.003287257 0.953653574 0.262955457 0.017089294 0.999814928 -0.008838247 -0.986036241 -0.953506172 0.018956596 0.300776809 87.083534241
0.269777805 0.010863024 0.962861300 0.630854428 0.006128164 0.999896765 -0.012997868 -1.002131224 -0.962903142 0.009407106 0.269683331 87.183258057
0.241677687 0.015256028 0.970236599 1.009856224 0.001547088 0.999869108 -0.016107336 -1.018122792 -0.970355392 0.005393822 0.241622433 87.264335632
0.215776607 0.016827393 0.976297677 1.399845719 0.002717868 0.999837279 -0.017833808 -1.033408046 -0.976438999 0.006501563 0.215695754 87.332046509
0.192470014 0.018156361 0.981134832 1.804797292 0.009824155 0.999743044 -0.020427926 -1.045191765 -0.981253743 0.013570581 0.192242175 87.385055542
0.172318980 0.024626566 0.984733224 2.218708992 0.016440181 0.999476254 -0.027872141 -1.043705344 -0.984904051 0.020992091 0.171823844 87.436454773
0.152379125 0.031831659 0.987809300 2.638468981 0.018095225 0.999223828 -0.034990851 -1.042741537 -0.988156497 0.023206512 0.151684850 87.488891602
0.134651154 0.032355774 0.990364611 3.077540159 0.016261579 0.999260068 -0.034857340 -1.055690289 -0.990759671 0.020798473 0.134025335 87.545776367
0.119577490 0.028013643 0.992429554 3.536870480 0.014127178 0.999452651 -0.029914068 -1.079936981 -0.992724419 0.017597277 0.119116277 87.591133118
0.105042629 0.024567079 0.994164228 4.001458168 0.015063705 0.999540865 -0.026291562 -1.099748373 -0.994353652 0.017737532 0.104624316 87.635017395
0.091841653 0.022217598 0.995525718 4.482343674 0.017558547 0.999559462 -0.023927476 -1.114435434 -0.995618880 0.019677522 0.091411091 87.665847778
0.080146000 0.021124776 0.996559262 4.976876736 0.021150319 0.999514282 -0.022888385 -1.132829309 -0.996558785 0.022911958 0.079660282 87.693321228
0.069947235 0.021951681 0.997309089 5.490988255 0.024134498 0.999427974 -0.023691013 -1.147196889 -0.997258723 0.025726678 0.069377445 87.721649170
0.062186718 0.022568544 0.997809291 6.027675629 0.026515899 0.999354064 -0.024256041 -1.160457850 -0.997712255 0.027966218 0.061548125 87.750457764
0.056723181 0.022783039 0.998129964 6.577266216 0.028249383 0.999302685 -0.024415204 -1.176555872 -0.997990131 0.029581459 0.056040030 87.776260376
0.051138606 0.023880415 0.998405993 7.140353203 0.029456574 0.999243140 -0.025409209 -1.193447471 -0.998257101 0.030709013 0.050396468 87.801010132
0.045127466 0.024549074 0.998679578 7.730828285 0.029983396 0.999214292 -0.025917085 -1.209052563 -0.998531163 0.031113377 0.044355951 87.824829102
0.040679693 0.024457429 0.998872936 8.333601952 0.032462858 0.999140143 -0.025786048 -1.226078272 -0.998644710 0.033475235 0.039850768 87.845420837
0.037758958 0.024638535 0.998983026 8.952207565 0.033830274 0.999091387 -0.025919905 -1.244585156 -0.998713970 0.034774587 0.036891133 87.864570618
0.034642596 0.024188399 0.999106944 9.591906548 0.034874007 0.999068975 -0.025396682 -1.263424397 -0.998791039 0.035722665 0.033766799 87.884750366
0.032350972 0.023364887 0.999203444 10.245967865 0.036985882 0.999014020 -0.024557939 -1.285467505 -0.998791933 0.037750892 0.031454910 87.901977539
0.031873617 0.023077952 0.999225438 10.922040939 0.041752633 0.998830020 -0.024400655 -1.304083347 -0.998619437 0.042498033 0.030872762 87.914749146
0.032940947 0.022514965 0.999203742 11.612305641 0.045226857 0.998688698 -0.023994358 -1.325044870 -0.998433471 0.045981243 0.031879470 87.933601379
0.034960642 0.022622623 0.999132633 12.322211266 0.046265963 0.998635292 -0.024230253 -1.343571067 -0.998317242 0.047072940 0.033866283 87.959518433
0.038838971 0.022572465 0.998990595 13.044790268 0.048622869 0.998517871 -0.024452155 -1.363939524 -0.998061895 0.049523491 0.037683878 87.987503052
0.043229397 0.022146169 0.998819709 13.786618233 0.049121119 0.998498082 -0.024265019 -1.384924412 -0.997856855 0.050112102 0.042076625 88.021797180
0.047241189 0.020473827 0.998673677 14.540024757 0.050738662 0.998450041 -0.022869384 -1.405447364 -0.997594059 0.051751737 0.046129152 88.051780701
0.051184162 0.018814852 0.998512030 15.306580544 0.050555985 0.998491764 -0.021405993 -1.426968694 -0.997408807 0.051576402 0.050155766 88.092941284
0.055215381 0.016726119 0.998334467 16.080858231 0.047298353 0.998693287 -0.019348087 -1.450508118 -0.997353554 0.048287876 0.054352123 88.147392273
0.059261162 0.015726639 0.998118639 16.887910843 0.046603236 0.998741984 -0.018503433 -1.468735099 -0.997154117 0.047612097 0.058453701 88.199073792
0.063315868 0.016838798 0.997851491 17.687969208 0.043812968 0.998846650 -0.019635623 -1.488734126 -0.997031391 0.044962086 0.062505096 88.261054993
0.066069201 0.020948470 0.997595131 18.485967636 0.041412700 0.998860538 -0.023717744 -1.517017365 -0.996955335 0.042880122 0.065126382 88.324264526
0.067813449 0.026064022 0.997357547 19.301757812 0.035730984 0.998953938 -0.028535204 -1.544668436 -0.997057974 0.037571628 0.066811226 88.384521484
0.067919672 0.029312314 0.997260153 20.113361359 0.033001516 0.998955190 -0.031609751 -1.570198894 -0.997144818 0.035058022 0.066881366 88.438941956
0.067520127 0.028847486 0.997300804 20.927286148 0.030864183 0.999043047 -0.030987481 -1.601980448 -0.997240484 0.032873154 0.066565156 88.514099121
0.067853376 0.027239466 0.997323394 21.752977371 0.028002575 0.999181449 -0.029195381 -1.634328723 -0.997302294 0.029908631 0.067035072 88.569732666
0.067645125 0.026157524 0.997366548 22.577009201 0.028797349 0.999188542 -0.028158456 -1.665707469 -0.997293830 0.030626295 0.066836976 88.630180359
0.067543045 0.025310196 0.997395277 23.389541626 0.026490796 0.999280155 -0.027151970 -1.702521443 -0.997364640 0.028255723 0.066823937 88.699859619
0.067699388 0.025471225 0.997380614 24.203559875 0.024709942 0.999324620 -0.027198114 -1.737861514 -0.997399807 0.026486510 0.067024268 88.761573792
0.068031684 0.025902329 0.997346818 25.026693344 0.021428579 0.999394298 -0.027417202 -1.776045561 -0.997453034 0.023236964 0.067435421 88.817016602
0.067020006 0.027362602 0.997376382 25.836711884 0.018461324 0.999418676 -0.028659167 -1.808113813 -0.997580886 0.020333627 0.066475913 88.873855591
0.064048752 0.027029326 0.997580707 26.650859833 0.015113895 0.999492228 -0.028051488 -1.841995120 -0.997832298 0.016873991 0.063607715 88.937080383
0.059800815 0.026051488 0.997870326 27.461338043 0.012882915 0.999555945 -0.026867544 -1.871094465 -0.998127282 0.014462180 0.059438650 88.997795105
0.055350754 0.023376588 0.998193264 28.277881622 0.010851391 0.999652803 -0.024012486 -1.905558467 -0.998408020 0.012160894 0.055077862 89.039215088
0.049356699 0.021129599 0.998557746 29.089599609 0.008797002 0.999728322 -0.021589186 -1.937481999 -0.998742461 0.009849885 0.049157411 89.081352234
0.041505087 0.021567479 0.998905480 29.894332886 0.008565642 0.999722600 -0.021941029 -1.966759205 -0.999101639 0.009466930 0.041308831 89.120613098
0.032929096 0.022503138 0.999204338 30.707553864 0.008418884 0.999704778 -0.022791859 -1.992948413 -0.999422193 0.009162701 0.032729927 89.148460388
0.023094231 0.022875961 0.999471545 31.512788773 0.008954122 0.999693334 -0.023087934 -2.019072533 -0.999693215 0.009482590 0.022882316 89.164405823
0.012719616 0.022092303 0.999675035 32.312778473 0.010793971 0.999694526 -0.022230081 -2.045795441 -0.999860883 0.011073221 0.012477268 89.175994873
0.001683183 0.021426847 0.999768972 33.106018066 0.009437120 0.999725521 -0.021441806 -2.074665308 -0.999954104 0.009471032 0.001480511 89.181030273
-0.009398813 0.020347154 0.999748766 33.889225006 0.011058141 0.999733865 -0.020242900 -2.102623701 -0.999894679 0.010865103 -0.009621314 89.173423767
-0.020502124 0.020848021 0.999572456 34.668010712 0.010976201 0.999726951 -0.020626122 -2.128180742 -0.999729574 0.010548628 -0.020725362 89.155784607
-0.031609502 0.021453533 0.999270022 35.443836212 0.011346410 0.999712944 -0.021104131 -2.155899525 -0.999435842 0.010671036 -0.031843845 89.130683899
-0.041832808 0.022433007 0.998872757 36.213226318 0.011330614 0.999694347 -0.021976931 -2.187226057 -0.999060392 0.010398485 -0.042074203 89.089546204
-0.052300237 0.023510495 0.998354554 36.976097107 0.011803481 0.999667645 -0.022923069 -2.212164402 -0.998561621 0.010585178 -0.052560352 89.050384521
-0.062014520 0.024316765 0.997778952 37.737533569 0.012732632 0.999641240 -0.023570780 -2.239380121 -0.997994006 0.011242623 -0.062301878 89.001716614
-0.071430884 0.024795407 0.997137368 38.507156372 0.013539565 0.999622941 -0.023887299 -2.267002344 -0.997353673 0.011794512 -0.071739666 88.944175720
-0.080698609 0.025153862 0.996421218 39.244892120 0.014166930 0.999609530 -0.024086991 -2.296753168 -0.996637940 0.012172441 -0.081023440 88.882865906
-0.089571051 0.024494549 0.995679200 39.979000092 0.015303068 0.999613345 -0.023214672 -2.324034929 -0.995862842 0.013157584 -0.089911260 88.816795349
-0.096620083 0.023395192 0.995046377 40.711277008 0.017474087 0.999609470 -0.021805730 -2.352602959 -0.995167911 0.015280658 -0.096991159 88.736160278
-0.101777382 0.021995984 0.994563997 41.435459137 0.020336356 0.999592602 -0.020026106 -2.376845121 -0.994599342 0.018187607 -0.102183238 88.661415100
-0.105711244 0.020213861 0.994191468 42.144542694 0.023454878 0.999565899 -0.017829208 -2.403093576 -0.994120240 0.021433892 -0.106139466 88.581192017
-0.108323239 0.019308355 0.993928194 42.855163574 0.025020210 0.999547601 -0.016690688 -2.423337221 -0.993800819 0.023060299 -0.108757362 88.499076843
-0.110153534 0.018214762 0.993747652 43.539001465 0.024979698 0.999567032 -0.015552509 -2.449166059 -0.993600667 0.023110352 -0.110560842 88.426086426
-0.110736094 0.018893158 0.993670225 44.203327179 0.026310593 0.999524593 -0.016072378 -2.468199730 -0.993501544 0.024364259 -0.111180529 88.346343994
-0.109672472 0.020014433 0.993766248 44.850406647 0.026954895 0.999489427 -0.017154945 -2.485909224 -0.993602276 0.024905439 -0.110155962 88.276115417
-0.106657773 0.021688849 0.994059145 45.479187012 0.027971402 0.999431968 -0.018804874 -2.508970261 -0.993902266 0.025799546 -0.107203841 88.210639954
-0.101749912 0.021851959 0.994570017 46.103954315 0.027862066 0.999429047 -0.019108277 -2.538092136 -0.994419754 0.025766505 -0.102300674 88.149116516
-0.094127245 0.022357406 0.995309114 46.697154999 0.027211135 0.999432027 -0.019876637 -2.562686443 -0.995188236 0.025212558 -0.094682157 88.102210999
-0.082620457 0.022566387 0.996325552 47.279102325 0.026233336 0.999446332 -0.020461669 -2.582408190 -0.996235728 0.024446392 -0.083166726 88.060302734
-0.068752468 0.022712659 0.997375190 47.838771820 0.025516069 0.999453664 -0.021001086 -2.607102633 -0.997307420 0.024005212 -0.069294460 88.028762817
-0.051872700 0.023763042 0.998371005 48.370780945 0.024769053 0.999439836 -0.022501551 -2.632847548 -0.998346508 0.023561485 -0.052432254 88.017967224
-0.030523069 0.026738048 0.999176323 48.906921387 0.022624340 0.999404550 -0.026053023 -2.653881550 -0.999277890 0.021810485 -0.031109815 88.014533997
-0.005787239 0.029628370 0.999544144 49.430599213 0.020359078 0.999357343 -0.029504953 -2.679959059 -0.999775946 0.020179048 -0.006386719 88.029487610
0.022158353 0.031272028 0.999265254 49.939888000 0.018444737 0.999327838 -0.031682990 -2.703699350 -0.999584258 0.019133229 0.021566650 88.068031311
0.055441972 0.030715095 0.997989416 50.450241089 0.016095355 0.999369383 -0.031651728 -2.724906921 -0.998332143 0.017817827 0.054912627 88.115669250
0.093892798 0.028513612 0.995173931 50.946674347 0.015361737 0.999429405 -0.030084888 -2.743334532 -0.995463669 0.018112352 0.093401186 88.177764893
0.136451393 0.024626378 0.990340590 51.461692810 0.013017614 0.999560118 -0.026649233 -2.769650936 -0.990561247 0.016528197 0.136070788 88.261337280
0.181931540 0.020212729 0.983103395 51.946197510 0.010272840 0.999695063 -0.022454929 -2.791741371 -0.983257532 0.014184523 0.181668416 88.374435425
0.230484068 0.017078487 0.972926140 52.431896210 0.005710747 0.999805033 -0.018903168 -2.808937311 -0.973059356 0.009913013 0.230341583 88.519134521
0.282261521 0.015587044 0.959210873 52.896846771 0.001813564 0.999857664 -0.016781213 -2.827802658 -0.959335804 0.006476279 0.282193035 88.688804626
0.337156504 0.015254015 0.941325068 53.348388672 0.000541446 0.999865472 -0.016396580 -2.843880653 -0.941448390 0.006037890 0.337102890 88.882949829
0.392281473 0.015918406 0.919707477 53.777282715 0.003304985 0.999819398 -0.018714668 -2.855734110 -0.919839323 0.010381036 0.392158091 89.122230530
0.452852726 0.018454105 0.891394317 54.192378998 0.004365862 0.999727905 -0.022914862 -2.879549503 -0.891574740 0.014268763 0.452648938 89.358245850
0.512755573 0.021278178 0.858271003 54.589969635 0.005640254 0.999587834 -0.028151343 -2.900944471 -0.858516157 0.019275624 0.512424171 89.628211975
0.571608305 0.026121592 0.820110798 54.952987671 0.001709859 0.999453008 -0.033025634 -2.907159328 -0.820524931 0.020280000 0.571250975 89.917915344
0.625104845 0.029832412 0.779970527 55.267105103 -0.002416371 0.999338508 -0.036286235 -2.909640551 -0.780537128 0.020798005 0.624763370 90.253341675
0.678494930 0.030463183 0.733973086 55.593261719 -0.004238552 0.999285400 -0.037556663 -2.930150032 -0.734592855 0.022371028 0.678139329 90.595901489
0.728242934 0.027906893 0.684750557 55.898872375 -0.004485679 0.999343157 -0.035957471 -2.954637289 -0.685304463 0.023114206 0.727889836 90.951095581
0.772984385 0.025451288 0.633914292 56.146965027 -0.007414098 0.999489188 -0.031088274 -2.967750072 -0.634381711 0.019330855 0.772778213 91.327941895
0.813774049 0.021710092 0.580775678 56.395812988 -0.008594177 0.999642253 -0.025325799 -2.966144323 -0.581117690 0.015618190 0.813669622 91.739295959
0.850364327 0.020057570 0.525811911 56.614189148 -0.011561598 0.999744177 -0.019438259 -2.972431183 -0.526067436 0.010450376 0.850378692 92.162940979
0.881464481 0.016931014 0.471946716 56.800086975 -0.012626215 0.999844730 -0.012287037 -2.981425047 -0.472081512 0.004871687 0.881541431 92.593437195
0.906978488 0.017572913 0.420810163 56.960918427 -0.016390247 0.999845088 -0.006427096 -2.996634245 -0.420857906 -0.001067945 0.907125950 93.027435303
0.926678717 0.019621531 0.375341892 57.088581085 -0.020156756 0.999793708 -0.002500782 -3.011120796 -0.375313550 -0.005248253 0.926883101 93.467353821
0.941373348 0.024704764 0.336460888 57.194698334 -0.026494049 0.999648750 0.000727303 -3.024987698 -0.336324722 -0.009598874 0.941697180 93.906288147
0.953063369 0.028976224 0.301381320 57.301601410 -0.030389957 0.999538183 0.000002355 -3.029171467 -0.301242054 -0.009161209 0.953503728 94.364364624
0.962006569 0.031700660 0.271179885 57.399044037 -0.032931264 0.999457717 -0.000012448 -3.028779268 -0.271033227 -0.008918322 0.962528706 94.830513000
0.968020260 0.026573572 0.249460652 57.506523132 -0.027400371 0.999624610 -0.000158267 -3.031641245 -0.249371216 -0.006682110 0.968384981 95.302032471
0.972013414 0.023133364 0.233783692 57.611949921 -0.024143083 0.999707520 0.001457767 -3.049549341 -0.233681574 -0.007061228 0.972287655 95.784667969
0.974831343 0.028451465 0.221121177 57.705764771 -0.029326929 0.999569654 0.000676489 -3.051655293 -0.221006766 -0.007144267 0.975246131 96.281166077
0.976727486 0.033763003 0.211809948 57.792438507 -0.034853954 0.999391437 0.001418078 -3.052454233 -0.211633146 -0.008767489 0.977309942 96.787780762
0.977710843 0.041606870 0.205792129 57.879768372 -0.042517249 0.999095798 0.000001592 -3.053192139 -0.205605984 -0.008751269 0.978595793 97.299835205
0.978296101 0.046061657 0.202027470 57.989021301 -0.046340100 0.998920083 -0.003353903 -3.058062792 -0.201963827 -0.006080862 0.979374111 97.791313171
0.978380442 0.047651906 0.201248795 58.092777252 -0.047461696 0.998856425 -0.005773006 -3.070980549 -0.201293752 -0.003903414 0.979523182 98.322746277
0.977856755 0.046181194 0.204116613 58.201496124 -0.045142122 0.998933017 -0.009746344 -3.075080872 -0.204348952 0.000316271 0.978898108 98.866104126
0.977036357 0.045446981 0.208169505 58.317508698 -0.043040875 0.998943925 -0.016075777 -3.086399794 -0.208680287 0.006746822 0.977960706 99.418952942
0.976055026 0.046069566 0.212589249 58.436191559 -0.042705692 0.998879552 -0.020390712 -3.098841190 -0.213290453 0.010823687 0.976928949 99.981033325
0.975126088 0.049682673 0.216010764 58.573051453 -0.046351429 0.998715520 -0.020463655 -3.101999998 -0.216749981 0.009942231 0.976176560 100.549972534
0.973642468 0.052852366 0.221871763 58.695449829 -0.050357018 0.998588383 -0.016892798 -3.110945225 -0.222451374 0.005274744 0.974929631 101.144302368
0.972676575 0.050044540 0.226706699 58.835727692 -0.048488922 0.998746455 -0.012429113 -3.123093605 -0.227044523 0.001096743 0.973883808 101.747665405
0.972034276 0.045713894 0.230346635 58.987121582 -0.045404196 0.998946607 -0.006647795 -3.138039112 -0.230407864 -0.003996820 0.973085999 102.362258911
0.971107364 0.043512125 0.234642655 59.131851196 -0.044190448 0.999020338 -0.002368809 -3.145053864 -0.234515816 -0.008068599 0.972078919 102.995910645
0.970740199 0.038239330 0.237068057 59.300163269 -0.039114114 0.999234259 -0.001014100 -3.161473036 -0.236925259 -0.008288275 0.971492529 103.623908997
0.970744431 0.034921315 0.237561956 59.457363129 -0.034913380 0.999381363 -0.004241996 -3.169605732 -0.237563118 -0.004176196 0.971363127 104.266716003
0.970874310 0.034230120 0.237131804 59.617340088 -0.032530479 0.999409437 -0.011077796 -3.182256222 -0.237370923 0.003041137 0.971414328 104.916313171
0.970978677 0.036406789 0.236379221 59.770339966 -0.033132371 0.999292314 -0.017811209 -3.192081928 -0.236860365 0.009462500 0.971497655 105.573417664
0.971542954 0.039223269 0.233593434 59.926986694 -0.035060439 0.999144256 -0.021948289 -3.199677706 -0.234254360 0.013133815 0.972086608 106.249954224
0.972271740 0.037611749 0.230809569 60.099971771 -0.034570038 0.999254048 -0.017209979 -3.214024067 -0.231284723 0.008753682 0.972846687 106.942161560
0.972712040 0.033465724 0.229589716 60.265174866 -0.032120094 0.999437809 -0.009596777 -3.230719090 -0.229781851 0.001960458 0.973240137 107.653793335
0.973317683 0.033885706 0.226946220 60.430431366 -0.033955697 0.999416769 -0.003596770 -3.248294592 -0.226935774 -0.004205317 0.973900557 108.376167297
0.973524392 0.037664574 0.225459218 60.584377289 -0.037705127 0.999280334 -0.004127669 -3.261972427 -0.225452453 -0.004482581 0.974243820 109.103164673
0.973815560 0.043020107 0.223232403 60.739429474 -0.042089574 0.999073982 -0.008927009 -3.268507481 -0.223409757 -0.000702496 0.974724352 109.824119568
0.974670768 0.043959968 0.219281331 60.899757385 -0.041827165 0.999021649 -0.014361641 -3.277448654 -0.219698146 0.004825955 0.975555897 110.564254761
0.975609243 0.042392775 0.215382650 61.065265656 -0.039636336 0.999067724 -0.017103022 -3.294243813 -0.215906933 0.008148884 0.976379931 111.321586609
0.976540685 0.040418424 0.211505592 61.229667664 -0.038011797 0.999158084 -0.015433766 -3.310727596 -0.211951315 0.007031993 0.977254987 112.093772888
0.977378786 0.036783069 0.208272845 61.392631531 -0.034727402 0.999305308 -0.013519211 -3.326127291 -0.208625406 0.005980615 0.977977335 112.870834351
0.977803051 0.035228968 0.206543520 61.556610107 -0.033769481 0.999373615 -0.010588572 -3.345702887 -0.206787139 0.003378670 0.978380144 113.655235291
0.978150070 0.031881414 0.205441445 61.722961426 -0.030843353 0.999490142 -0.008254124 -3.357662678 -0.205599859 0.001737269 0.978634596 114.457374573
0.978407741 0.026994303 0.204913661 61.894107819 -0.026050083 0.999633968 -0.007304657 -3.367245436 -0.205035865 0.001808916 0.978752792 115.252807617
0.978518546 0.027771622 0.204279631 62.061462402 -0.027221242 0.999614298 -0.005504335 -3.385508060 -0.204353705 -0.000174650 0.978897154 116.060379028
0.978347838 0.032708436 0.204366609 62.227958679 -0.031850286 0.999464571 -0.007487824 -3.396229744 -0.204502121 0.000816562 0.978865862 116.878150940
0.977966666 0.038886067 0.205107465 62.384254456 -0.037486687 0.999239743 -0.010705492 -3.412470818 -0.205367863 0.002780816 0.978680968 117.698242188
0.977389991 0.047601305 0.206016839 62.542026520 -0.046006165 0.998862624 -0.012529057 -3.421162844 -0.206378922 0.002767730 0.978468299 118.533012390
0.976480901 0.053289872 0.208914608 62.705730438 -0.051985830 0.998578906 -0.011731948 -3.445224285 -0.209242940 0.000595422 0.977863491 119.352806091
0.975668609 0.055808093 0.212029010 62.872444153 -0.054980587 0.998439372 -0.009801303 -3.462848902 -0.212245092 -0.002094658 0.977214217 120.187347412
0.975085795 0.056615468 0.214482084 63.051750183 -0.055637084 0.998394728 -0.010600736 -3.482364655 -0.214737967 -0.001596532 0.976670444 121.020034790
0.974715292 0.055207551 0.216523036 63.227062225 -0.053562697 0.998473704 -0.013462355 -3.496619701 -0.216935799 0.001524405 0.976184666 121.856903076
0.974803627 0.048971213 0.217622906 63.427871704 -0.047475073 0.998799026 -0.012101387 -3.516924143 -0.217954203 0.001464810 0.975957870 122.689796448
0.975046754 0.042361118 0.217920661 63.617687225 -0.040366419 0.999092400 -0.013599120 -3.538218498 -0.218298972 0.004463099 0.975871742 123.523406982
0.974795640 0.041750751 0.219158366 63.802650452 -0.039722268 0.999117494 -0.013655947 -3.560845375 -0.219535083 0.004606289 0.975593746 124.355735779
0.974246025 0.044309307 0.221091211 63.986557007 -0.042966712 0.999017239 -0.010880665 -3.577727318 -0.221356049 0.001100883 0.975192487 125.198524475
0.973870337 0.046121635 0.222372189 64.170921326 -0.046155665 0.998921573 -0.005046768 -3.597349167 -0.222365141 -0.005348836 0.974948704 126.019111633
0.973466277 0.049811121 0.223343372 64.347663879 -0.050866537 0.998704910 -0.001028724 -3.615394354 -0.223105371 -0.010359273 0.974739254 126.844741821
0.973260820 0.048974689 0.224421263 64.531501770 -0.048550319 0.998793304 -0.007412235 -3.635341644 -0.224513412 -0.003681686 0.974463999 127.670181274
0.973571062 0.044918902 0.223923549 64.723144531 -0.041083194 0.998918891 -0.021761533 -3.655973434 -0.224658921 0.011986904 0.974363685 128.476318359
