1.000000000 0.000000000 0.000000000 0.000000000 0.000000000 1.000000000 0.000000000 0.000000000 0.000000000 0.000000000 1.000000000 0.000000000
0.999967456 -0.006349808 0.004971506 0.000704904 0.006325095 0.999967635 0.004970886 0.001618836 -0.005002910 -0.004939279 0.999975264 0.006825224
0.999921918 0.000091225 0.012492949 -0.001188772 -0.000135165 0.999993861 0.003516376 0.001527062 -0.012492551 -0.003517790 0.999915779 0.010079969
0.999931216 0.010554409 0.005107429 -0.011479405 -0.010411938 0.999576867 -0.027160408 -0.002629133 -0.005391930 0.027105367 0.999618053 0.003743413
0.999897420 0.013670463 0.004274380 -0.016130416 -0.013466443 0.998914897 -0.044583227 -0.006383924 -0.004879215 0.044521093 0.998996556 -0.000126595
0.999856055 0.016922448 0.001160387 -0.016137995 -0.016857341 0.998942494 -0.042774927 -0.008067598 -0.001883016 0.042749219 0.999084055 0.001312787
0.999854505 0.017031098 0.000885865 -0.015223785 -0.016982462 0.999066055 -0.039732262 -0.007855876 -0.001561722 0.039711442 0.999210000 0.003517072
0.999854863 0.012473746 0.011596866 -0.013383750 -0.012128718 0.999495268 -0.029360695 -0.007342411 -0.011957252 0.029215783 0.999501526 0.006007811
0.999850273 0.008021406 0.015327726 -0.012098189 -0.007641598 0.999666214 -0.024679108 -0.006776846 -0.015520572 0.024558291 0.999577880 0.007341505
0.999855042 0.006902630 0.015563912 -0.012150651 -0.006561846 0.999739885 -0.021841560 -0.006753446 -0.015710628 0.021736264 0.999640286 0.007237963
0.999865890 0.005762629 0.015325125 -0.012454523 -0.005425453 0.999744236 -0.021952873 -0.006983491 -0.015447713 0.021866782 0.999641538 0.006818214
0.999836028 0.005512606 0.017247595 -0.013326452 -0.005162925 0.999781489 -0.020253450 -0.007227761 -0.017355477 0.020161083 0.999646068 0.006402767
0.999793053 0.002755784 0.020148925 -0.013139710 -0.002349674 0.999794185 -0.020151420 -0.007065881 -0.020200316 0.020099908 0.999593794 0.005883302
0.999739826 0.000142700 0.022806108 -0.012643618 0.000280557 0.999827862 -0.018554645 -0.006835264 -0.022804832 0.018556219 0.999567628 0.005056988
0.999613523 -0.001470598 0.027761251 -0.012143344 0.001793482 0.999930978 -0.011609472 -0.006796251 -0.027742263 0.011654777 0.999547064 0.005132816
0.999394298 -0.004904531 0.034451120 -0.010517821 0.004920383 0.999987841 -0.000375354 -0.005681061 -0.034448855 0.000544640 0.999406338 0.005199780
0.998499453 -0.006908155 0.054323766 -0.011197140 0.005473914 0.999633610 0.026506331 -0.004211809 -0.054486975 -0.026169192 0.998171508 0.009733919
0.996804595 -0.007195224 0.079553343 -0.006418348 0.002593879 0.998325229 0.057792444 -0.002744260 -0.079835936 -0.057401430 0.995153844 0.010282462
0.995002806 -0.011900485 0.099134758 -0.002554632 0.004047229 0.996862769 0.079045407 0.000695995 -0.099764422 -0.078249179 0.991929471 0.013998509
0.991676331 -0.010356220 0.128338635 0.001283570 -0.002652935 0.994904876 0.100782625 0.003048840 -0.128728494 -0.100284211 0.986596167 0.019797217
0.986964643 -0.006309575 0.160813332 0.005388154 -0.016117949 0.990332067 0.137777254 -0.007270085 -0.160127908 -0.138573259 0.977321088 0.033656176
0.980182528 -0.016310895 0.197423711 0.007346534 -0.027058892 0.976239264 0.214999482 -0.027620284 -0.196239606 -0.216080755 0.956451297 0.054785397
0.964758873 -0.028174957 0.261622906 0.024150638 -0.059232302 0.945480764 0.320246309 -0.036795959 -0.256382346 -0.324456990 0.910492063 0.084585801
0.952776074 -0.054388817 0.298763365 0.039432358 -0.078908697 0.905694008 0.416523397 -0.045076687 -0.293242425 -0.420428604 0.858631849 0.110063903
0.942274570 -0.076155186 0.326065809 0.051118836 -0.113108635 0.844159067 0.524024546 -0.048996612 -0.315158635 -0.530655921 0.786816001 0.130862772
0.932359934 -0.114029445 0.343077540 0.064929172 -0.126888692 0.785375953 0.605874419 -0.048418269 -0.338532388 -0.608425677 0.717784047 0.148588762
0.919102550 -0.157471344 0.361183167 0.073008217 -0.128606886 0.746568382 0.652760267 -0.045926005 -0.372438937 -0.646404326 0.665920973 0.161020100
0.914466381 -0.174122334 0.365284264 0.079175048 -0.130151555 0.728168786 0.672927022 -0.041113663 -0.383160204 -0.662911475 0.643223643 0.168474719
0.914655268 -0.179262653 0.362312913 0.082268879 -0.127222344 0.723089993 0.678936958 -0.040611204 -0.383692861 -0.667087495 0.638571858 0.176862359
0.914997756 -0.181776389 0.360189497 0.084249377 -0.125014976 0.721076727 0.681483388 -0.037747547 -0.383601874 -0.668584883 0.637058854 0.181205511
0.917267978 -0.183623537 0.353414625 0.085156001 -0.118105173 0.722046494 0.681688964 -0.037108883 -0.380355924 -0.667031527 0.640623391 0.184994787
0.923432946 -0.176159561 0.340938866 0.084009722 -0.108550757 0.732233584 0.672347128 -0.036770929 -0.368087292 -0.657876730 0.657046378 0.186166123
0.929579794 -0.166832179 0.328707218 0.082274474 -0.100960799 0.742395222 0.662311316 -0.038194355 -0.354525477 -0.648857772 0.673272073 0.187075689
0.935931325 -0.160776168 0.313342541 0.081966169 -0.089394711 0.752123773 0.652930558 -0.038739499 -0.340648025 -0.639109254 0.689563751 0.186577350
0.946643531 -0.152980641 0.283659995 0.082284339 -0.067846626 0.765837550 0.639444768 -0.039896790 -0.315060169 -0.624571621 0.714595914 0.185463294
0.962733865 -0.142581016 0.229813129 0.079224378 -0.032540105 0.782501578 0.621797740 -0.042674463 -0.268485695 -0.606103897 0.748701215 0.186511576
0.976506293 -0.129071549 0.172557384 0.077860378 -0.000121041 0.800442517 0.599409640 -0.044858288 -0.215488970 -0.585348129 0.781621456 0.185033470
0.984117806 -0.119719431 0.131070450 0.071927853 0.021472976 0.813216805 0.581564486 -0.047530130 -0.176213264 -0.569513440 0.802871883 0.182367593
0.988328636 -0.116742991 0.097865142 0.070960648 0.041077599 0.822863281 0.566752732 -0.049641497 -0.146694064 -0.556117892 0.818054855 0.178865790
0.990875900 -0.112444386 0.074304275 0.071362525 0.052967194 0.831839800 0.552482426 -0.050522037 -0.123932771 -0.543505847 0.830205977 0.176095083
0.992283463 -0.107151628 0.062385213 0.070523292 0.056260113 0.837474883 0.543572009 -0.051016066 -0.110490657 -0.535867691 0.837041020 0.174561664
0.993629217 -0.102591380 0.046649143 0.070777126 0.062042754 0.843503177 0.533528805 -0.051089112 -0.094084181 -0.527235508 0.844494402 0.173410594
0.994212270 -0.098894462 0.041975442 0.071343631 0.061909620 0.846697271 0.528460801 -0.050694387 -0.087802351 -0.522803545 0.847919345 0.171805620
0.994138420 -0.099121794 0.043171734 0.071857072 0.061462168 0.846653104 0.528583884 -0.050333470 -0.088945642 -0.522832036 0.847782612 0.171474934
0.994358838 -0.098586559 0.039130498 0.066426151 0.063316502 0.847680748 0.526714444 -0.053667355 -0.085097127 -0.521265566 0.849141121 0.165456995
0.994066775 -0.103440396 0.033636183 0.067059800 0.070381992 0.847467899 0.526159883 -0.053111266 -0.082931764 -0.520670772 0.849720120 0.165064067
0.993645370 -0.112535566 -0.002131064 0.066816963 0.097257666 0.848909616 0.519512713 -0.052395359 -0.056654561 -0.516418517 0.854460120 0.163757145
0.986193419 -0.128735542 -0.104161814 0.066246368 0.163612798 0.854570746 0.492889076 -0.051803462 0.025561292 -0.503126085 0.863834858 0.165180504
0.963489532 -0.138166919 -0.229342043 0.063679419 0.228006497 0.872437596 0.432279617 -0.051949512 0.140359864 -0.468788236 0.872087598 0.167670339
0.946815252 -0.134504810 -0.292317241 0.062061597 0.247688890 0.884547353 0.395254523 -0.053699646 0.205404788 -0.446636796 0.870818257 0.169298589
0.941280127 -0.130062833 -0.311569214 0.061669361 0.250292033 0.888155580 0.385400355 -0.054145724 0.226595670 -0.440752983 0.868556976 0.171963364
0.941447318 -0.131914407 -0.310283005 0.062410098 0.252921909 0.884863615 0.391211957 -0.053174149 0.222951636 -0.446782827 0.866416574 0.174795195
0.941650867 -0.130830839 -0.310124129 0.061847165 0.252808928 0.883198202 0.395029634 -0.051207539 0.222219020 -0.450382173 0.864739597 0.176584661
0.941294193 -0.132119492 -0.310660094 0.062635243 0.254567266 0.882190466 0.396150470 -0.052574735 0.221722215 -0.451978058 0.864034176 0.177029267
0.942068398 -0.132281125 -0.308234930 0.062764473 0.253557324 0.882435560 0.396252245 -0.052369058 0.219580799 -0.451451987 0.864855707 0.176696733
0.943500578 -0.134351641 -0.302913159 0.063477218 0.253282517 0.881818593 0.397798598 -0.052188829 0.213669583 -0.452045858 0.866025329 0.175837055
0.944843888 -0.135178521 -0.298323274 0.063888878 0.252025604 0.881796777 0.398644418 -0.052157808 0.209172353 -0.451841861 0.867228806 0.174772471
0.945592165 -0.133902863 -0.296522528 0.063550986 0.249902651 0.882510066 0.398402601 -0.052179810 0.208336860 -0.450828105 0.867957234 0.173978135
0.946544409 -0.131594718 -0.294510782 0.063629940 0.246679291 0.883596420 0.398003429 -0.052585412 0.207853526 -0.449377626 0.868824840 0.173703209
0.946737051 -0.130700722 -0.294289619 0.063567802 0.245934814 0.883433044 0.398825794 -0.052859072 0.207858354 -0.449959248 0.868522704 0.174133018
0.947004437 -0.131534919 -0.293055177 0.063571364 0.246587172 0.882353485 0.400807798 -0.052666165 0.205858096 -0.451830298 0.868027449 0.174239963
0.948128521 -0.133452520 -0.288518250 0.064446539 0.247109175 0.880363166 0.404842854 -0.051779129 0.199973524 -0.455138505 0.867674768 0.174644411
0.949523330 -0.136017933 -0.282673836 0.065171778 0.247670248 0.878083646 0.409424692 -0.050926406 0.192522123 -0.458768219 0.867448509 0.174894005
0.950967133 -0.139747739 -0.275920421 0.065556526 0.248968661 0.875180662 0.414817184 -0.050152253 0.183510453 -0.463173032 0.867060959 0.174950853
0.951633275 -0.142792895 -0.272037476 0.066723280 0.250556052 0.873122990 0.418183982 -0.049070619 0.177808493 -0.466118366 0.866670549 0.174523368
0.952109993 -0.144789234 -0.269300401 0.067461245 0.251552582 0.871604860 0.420744836 -0.048983697 0.173804179 -0.468338579 0.866285801 0.175093979
0.952288687 -0.145515963 -0.268274784 0.067735866 0.251953363 0.870898724 0.421965539 -0.048504345 0.172237426 -0.469425738 0.866010189 0.175241277
0.952035844 -0.143649936 -0.270171404 0.067736030 0.250894904 0.871903718 0.420518309 -0.048805948 0.175156057 -0.468133122 0.866124570 0.175629467
0.951486051 -0.148233905 -0.269631147 0.068643875 0.255593538 0.868655622 0.424392879 -0.048132345 0.171307176 -0.472719938 0.864401340 0.176436767
0.951624572 -0.164776757 -0.259343803 0.071369737 0.268882245 0.855070651 0.443346888 -0.045115296 0.148703992 -0.491632819 0.858011842 0.177761838
0.955151618 -0.196880579 -0.221186429 0.076237202 0.284194469 0.819307506 0.497964591 -0.036944102 0.083180137 -0.538491607 0.838515222 0.181655496
0.954783499 -0.235932022 -0.180899516 0.082418084 0.297217727 0.771978676 0.561881244 -0.027482079 0.007084788 -0.590241492 0.807195604 0.188046768
0.946739554 -0.274523914 -0.168288499 0.088884108 0.318921536 0.727327228 0.607687712 -0.016470572 -0.044424012 -0.628992558 0.776140809 0.196020752
0.935893297 -0.300399750 -0.184021324 0.091756940 0.347157151 0.697649360 0.626711547 -0.008289273 -0.059881605 -0.650419176 0.757211208 0.204418167
0.926373422 -0.311430365 -0.211762905 0.094675772 0.373304337 0.685038924 0.625592172 -0.002378023 -0.049762547 -0.658583760 0.750860095 0.209628865
0.918106794 -0.317651302 -0.237017959 0.097640038 0.394770622 0.679889679 0.617985606 0.001205968 -0.035157848 -0.660944462 0.749610662 0.212397233
0.913019240 -0.318983972 -0.254254311 0.098693594 0.407367706 0.680674195 0.608879507 0.002371601 -0.021158494 -0.659493446 0.751412332 0.213176221
0.909329593 -0.316736698 -0.269810498 0.097596161 0.416062981 0.686904550 0.595863998 0.001761669 -0.003397976 -0.654094815 0.756404877 0.212648913
0.907720149 -0.312413990 -0.280074567 0.095385969 0.419388443 0.695559382 0.583361626 0.000245936 0.012558088 -0.646988988 0.762395859 0.211331278
0.906554043 -0.308798224 -0.287756115 0.093256690 0.421295911 0.703780711 0.572016358 -0.001670114 0.025879534 -0.639794052 0.768110454 0.209455878
0.904690027 -0.304796576 -0.297716439 0.090698600 0.423995644 0.712908983 0.558559358 -0.004387833 0.041997720 -0.631553411 0.774193943 0.207529292
0.890752554 -0.296351373 -0.344580650 0.087038405 0.442924708 0.735980392 0.512006402 -0.008697684 0.101870820 -0.608694255 0.786837757 0.204210237
0.861780286 -0.274294257 -0.426728785 0.078364410 0.458255410 0.781730771 0.422964573 -0.016968749 0.217570275 -0.560053229 0.799376905 0.198902354
0.818688452 -0.240573198 -0.521415114 0.065697089 0.449554324 0.833463013 0.321310163 -0.032559194 0.357281655 -0.497457355 0.790497243 0.186016932
0.779950142 -0.213904276 -0.588151991 0.054401103 0.425748944 0.870157480 0.248120427 -0.043607775 0.458710790 -0.443926662 0.769748986 0.173491001
0.764031708 -0.197933316 -0.614066720 0.045566831 0.399129570 0.892797232 0.208826318 -0.051753256 0.506903410 -0.404642165 0.761126518 0.162126198
0.768044055 -0.191904604 -0.610966980 0.041522015 0.380202055 0.904351354 0.193893909 -0.055452403 0.515319824 -0.381209999 0.767544448 0.152579814
0.776877344 -0.197126806 -0.597998798 0.041241642 0.376271635 0.906841218 0.189890236 -0.055632256 0.504857659 -0.372531414 0.778677762 0.143563092
0.780419827 -0.198954344 -0.592758000 0.041564863 0.374828607 0.907655954 0.188848644 -0.057646099 0.500448167 -0.369563907 0.782926559 0.140054420
0.777834058 -0.201741278 -0.595209718 0.041805547 0.375698358 0.908484459 0.183048353 -0.055218350 0.503810406 -0.366000533 0.782444000 0.138993829
0.775992751 -0.203625411 -0.596968889 0.044472516 0.378390938 0.907514155 0.182313934 -0.053882137 0.504633963 -0.367361903 0.781274438 0.137695029
0.767103851 -0.203053951 -0.608539939 0.045532610 0.378995329 0.908795834 0.174506545 -0.053731751 0.517604172 -0.364498347 0.774097264 0.136664450
0.746601641 -0.199813336 -0.634555459 0.045508087 0.375371993 0.914018095 0.153840527 -0.054055724 0.549255669 -0.353051841 0.757411838 0.135202169
0.716371834 -0.190431803 -0.671227992 0.042173419 0.361621171 0.924072206 0.123776793 -0.056670085 0.596692145 -0.331400454 0.730843425 0.132683963
0.671684384 -0.187456012 -0.716728866 0.039216839 0.350532174 0.932726026 0.084553346 -0.058718540 0.652661741 -0.308029652 0.692206860 0.128859252
0.633246660 -0.189271241 -0.750449896 0.032339092 0.344912380 0.937038779 0.054713946 -0.058621932 0.692844987 -0.293486863 0.658658743 0.128144309
0.611194491 -0.189716876 -0.768406749 0.035526771 0.338155836 0.940370440 0.036796737 -0.059324168 0.715605974 -0.282331228 0.638903141 0.121711209
0.596512794 -0.188174248 -0.780232668 0.035114739 0.329400480 0.943880260 0.024194915 -0.059878401 0.731893361 -0.271441638 0.625021279 0.119069502
0.591156304 -0.188961327 -0.784109592 0.035187464 0.327148259 0.944782734 0.018962149 -0.060192753 0.737230122 -0.267729670 0.620332599 0.117413573
0.593943954 -0.192415431 -0.781157494 0.034525778 0.332020432 0.943056822 0.020153204 -0.060028095 0.732798100 -0.271330118 0.624008715 0.117545865
0.589367092 -0.194993824 -0.783979535 0.035666231 0.335703343 0.941793323 0.018123720 -0.059440102 0.734812737 -0.273866057 0.620522022 0.118034355
0.590846300 -0.195813417 -0.782660723 0.036777787 0.339106351 0.940520465 0.020689981 -0.058462236 0.732057035 -0.277629852 0.622104585 0.118520781
0.599100351 -0.198288769 -0.775732219 0.038714197 0.343538642 0.938796401 0.025345536 -0.057462562 0.723228872 -0.281678498 0.630553126 0.119158581
0.625844002 -0.199331671 -0.754046559 0.039534003 0.345990747 0.937411845 0.039361447 -0.056191277 0.699006200 -0.285527289 0.655640543 0.121144868
0.718201280 -0.212597474 -0.662562609 0.045383427 0.363734484 0.926437140 0.097011782 -0.052296590 0.593198240 -0.310670882 0.742697418 0.125920758
0.842076659 -0.238591194 -0.483715892 0.056421187 0.367579013 0.910176158 0.190958783 -0.046840526 0.394705564 -0.338605791 0.854139149 0.132469311
0.934515059 -0.256106645 -0.247165918 0.061487142 0.328856647 0.886924505 0.324374020 -0.044157736 0.136143088 -0.384414583 0.913066566 0.139641389
0.958940327 -0.272029370 -0.080208339 0.066067040 0.280540615 0.868363202 0.408952624 -0.038898621 -0.041597154 -0.414662838 0.909023881 0.146972626
0.964900434 -0.262161583 0.015441500 0.064052887 0.226618692 0.860911727 0.455494255 -0.040007740 -0.132706881 -0.436007261 0.890104771 0.152321994
0.966179788 -0.250804961 0.059947975 0.059972905 0.195072398 0.862909973 0.466190010 -0.043805983 -0.168652475 -0.438729107 0.882651210 0.155525818
0.967174351 -0.239235163 0.085675791 0.060032483 0.173199743 0.867322862 0.466639966 -0.043493312 -0.185945228 -0.436483204 0.880287945 0.159507528
0.965004265 -0.243020177 0.098530024 0.057511490 0.170341223 0.866581619 0.469063193 -0.046097960 -0.199376106 -0.435864210 0.877651215 0.159151092
0.961985350 -0.241440088 0.127635732 0.052084427 0.152553499 0.862709343 0.482140929 -0.050955564 -0.226520672 -0.444341272 0.866746366 0.157836989
0.956998885 -0.234038711 0.171403244 0.049421400 0.121876113 0.860558033 0.494556457 -0.053915214 -0.263247788 -0.452399939 0.852076769 0.156219602
0.946708679 -0.227953255 0.227552131 0.047103692 0.083885036 0.856600821 0.509115219 -0.057128564 -0.310975790 -0.462895513 0.830073357 0.155034959
0.924135149 -0.228660718 0.306085706 0.053984202 0.032659940 0.845480144 0.533007145 -0.052207749 -0.380667210 -0.482573956 0.788805902 0.158215091
0.887493968 -0.230433583 0.399067521 0.054401770 -0.035546191 0.829182386 0.557846665 -0.053239815 -0.459446400 -0.509270847 0.727703333 0.157230645
0.838051915 -0.229360446 0.495038152 0.057318088 -0.116675660 0.811011553 0.573277473 -0.051915638 -0.532968819 -0.538195193 0.652909040 0.156322449
0.793667316 -0.229937986 0.563223481 0.057459138 -0.183036864 0.792663455 0.581534326 -0.052051112 -0.580163479 -0.564635456 0.587023973 0.155928403
0.757445693 -0.231564462 0.610453844 0.059101183 -0.233924955 0.776666343 0.584866226 -0.050458100 -0.609553158 -0.585804760 0.534113944 0.156121969
0.734249532 -0.235851482 0.636593819 0.061233509 -0.261398017 0.767193556 0.585734725 -0.047768667 -0.626537085 -0.596479714 0.501660407 0.156242341
0.741050184 -0.233209535 0.629648924 0.063117869 -0.256651253 0.768157542 0.586569846 -0.046292271 -0.620463371 -0.596277893 0.509389818 0.157261282
0.750392318 -0.232317671 0.618821263 0.065378398 -0.246850029 0.769970715 0.588396370 -0.045004893 -0.613169134 -0.594284177 0.520432532 0.158018440
0.753384829 -0.229831845 0.616107583 0.066893950 -0.247903109 0.768532813 0.589831650 -0.044733990 -0.609061062 -0.597105265 0.522024989 0.159576952
0.765700161 -0.222480699 0.603494406 0.067857578 -0.240761921 0.770919085 0.589675784 -0.044593491 -0.596436918 -0.596813321 0.536727965 0.161045194
0.803065717 -0.211486399 0.557098567 0.068199381 -0.210210562 0.774253547 0.596944690 -0.043711580 -0.557581186 -0.596493781 0.577319980 0.164036214
0.876639426 -0.209255815 0.433261126 0.068844162 -0.115797773 0.782248974 0.612109005 -0.041041218 -0.467005432 -0.586769581 0.661518991 0.168965980
0.943836451 -0.217396304 0.248820320 0.068265215 0.017212473 0.784386396 0.620033681 -0.036498372 -0.329964310 -0.580927551 0.744074464 0.174909398
0.973484337 -0.223592624 0.048316572 0.065887988 0.151894122 0.789750159 0.594325602 -0.032070588 -0.171044841 -0.571227610 0.802771866 0.182417035
0.974587142 -0.215036005 -0.062764645 0.062469903 0.212258458 0.796922565 0.565562367 -0.030359635 -0.071597710 -0.564512134 0.822313666 0.188654125
0.971019208 -0.196468085 -0.136095613 0.057897866 0.238945127 0.810395181 0.534943759 -0.031273276 0.005191862 -0.551959991 0.833854377 0.192652449
0.969308376 -0.181745529 -0.165558949 0.054498438 0.242240816 0.820991457 0.517003298 -0.033372149 0.041959431 -0.541240752 0.839820147 0.193994001
0.964564025 -0.175445691 -0.197065756 0.051658306 0.253016412 0.826864421 0.502272725 -0.035209790 0.074825063 -0.534335196 0.841954350 0.192236990
0.958286405 -0.169426531 -0.230177671 0.048163466 0.263539523 0.835473776 0.482214212 -0.037950423 0.110607512 -0.522760272 0.845273674 0.189607397
0.946460247 -0.160660803 -0.280001998 0.043543946 0.276503175 0.851103425 0.446283519 -0.040565524 0.166610360 -0.499811053 0.849958777 0.186624095
0.920446217 -0.155526131 -0.358594984 0.038250133 0.298758864 0.871502280 0.388879299 -0.043534759 0.252035439 -0.465075910 0.848635733 0.183688879
0.886478782 -0.157209143 -0.435247838 0.034693092 0.320137113 0.887489319 0.331473798 -0.045878198 0.334167063 -0.433183551 0.837068856 0.181677788
0.846383810 -0.159063265 -0.508265197 0.031605206 0.335205525 0.900714517 0.276316196 -0.048026513 0.413850039 -0.404242903 0.815668941 0.179604411
0.806596100 -0.157551289 -0.569719553 0.027767062 0.338767201 0.913045228 0.227123812 -0.051833387 0.484395981 -0.376199424 0.789831936 0.177175000
0.775901318 -0.154410392 -0.611665428 0.017360061 0.334406674 0.922822118 0.191237226 -0.054850969 0.534929276 -0.352926195 0.767654717 0.175790042
0.763861358 -0.150513768 -0.627583802 0.007435953 0.326746047 0.928778827 0.174948215 -0.057537049 0.556554437 -0.338696748 0.758638024 0.169850230
0.751163363 -0.152987793 -0.642143548 0.006174796 0.327779382 0.930819690 0.161664575 -0.058948427 0.572987139 -0.331917882 0.749343872 0.167257503
0.726076007 -0.158138856 -0.669182897 0.004621278 0.333318144 0.932154834 0.141373053 -0.060901523 0.601425529 -0.325698346 0.729525805 0.164328307
0.685289323 -0.168748632 -0.708450735 0.008743458 0.344747633 0.932053745 0.111467227 -0.062837094 0.641504169 -0.320623964 0.696902156 0.162813857
0.625823617 -0.185009643 -0.757704496 0.018587194 0.352440894 0.933703423 0.063113898 -0.060025502 0.695794642 -0.306544244 0.649538577 0.162824377
0.546820104 -0.201642558 -0.812605739 0.016676402 0.338949829 0.940789163 -0.005363689 -0.062465210 0.765572190 -0.272499651 0.582789063 0.159695834
0.482835978 -0.199677333 -0.852642000 0.009480737 0.303052962 0.951595306 -0.051237434 -0.067774668 0.821601093 -0.233656362 0.519977272 0.154257342
0.435758352 -0.197581515 -0.878109455 0.006047255 0.268816680 0.959649205 -0.082529344 -0.072192110 0.858983278 -0.200087607 0.471288413 0.147579983
0.405190796 -0.202025533 -0.891631126 0.005298484 0.243575409 0.963882923 -0.107706480 -0.074473560 0.881187499 -0.173537746 0.439764947 0.141109511
0.396729916 -0.203471869 -0.895100296 0.004032317 0.226116613 0.966738045 -0.119536050 -0.076322906 0.889649749 -0.154973522 0.429542273 0.135475680
0.386366487 -0.206820071 -0.898858368 0.005068961 0.214163318 0.968017280 -0.130676731 -0.076193452 0.897137105 -0.142013386 0.418302745 0.131101906
0.380091071 -0.207991168 -0.901260555 0.004587565 0.202600300 0.969448566 -0.138284311 -0.076560371 0.902487636 -0.130035028 0.410617828 0.127107739
0.382146001 -0.207105026 -0.900595248 0.004035741 0.195874140 0.970571995 -0.140082717 -0.077001952 0.903104544 -0.122871242 0.411466777 0.124244750
0.376768798 -0.207613811 -0.902741194 0.004083013 0.192573860 0.970822036 -0.142898336 -0.076809175 0.906068742 -0.120004743 0.405756444 0.122507758
0.380065054 -0.206174001 -0.901688874 0.004019606 0.192862198 0.971078873 -0.140748143 -0.076709390 0.904629648 -0.120408259 0.408836305 0.122007377
0.386398524 -0.205851212 -0.899066925 0.004731816 0.196907848 0.970713913 -0.137629032 -0.076465815 0.901067972 -0.123853698 0.415616184 0.122790359
0.394097090 -0.204189673 -0.896099329 0.005787632 0.202209219 0.970380604 -0.132185787 -0.075852260 0.896548390 -0.129105508 0.423713148 0.124222398
0.399564236 -0.204239324 -0.893663585 0.005857233 0.206857443 0.969808817 -0.129154012 -0.074938022 0.893061221 -0.133255661 0.429749399 0.124825001
0.439798802 -0.198895916 -0.875795245 0.008148218 0.214853644 0.970153153 -0.112431645 -0.074724182 0.872017741 -0.138720512 0.469405681 0.126161128
0.533123374 -0.198112860 -0.822514892 0.011480285 0.235673383 0.968491018 -0.080518320 -0.074078619 0.812550008 -0.150918663 0.563015163 0.129024491
0.697565973 -0.201500088 -0.687604070 0.017801901 0.274653018 0.961538255 -0.003143355 -0.070852116 0.661790907 -0.186659828 0.726079047 0.137425557
0.864067614 -0.199001774 -0.462369204 0.024706682 0.287433535 0.949120820 0.128653228 -0.066941723 0.413242042 -0.244065478 0.877304435 0.145993799
0.960717201 -0.197775260 -0.194697946 0.031673703 0.245574117 0.932624400 0.264395416 -0.064576708 0.129289195 -0.301822007 0.944556832 0.150139585
0.978352606 -0.205824211 0.021507142 0.034357335 0.183942974 0.912519097 0.365340710 -0.062819161 -0.094821647 -0.353476018 0.930625319 0.154674992
0.965293288 -0.188042313 0.181242883 0.032089528 0.094667479 0.898701608 0.428221285 -0.061551370 -0.243406996 -0.396201283 0.885312140 0.157964453
0.933367789 -0.166083440 0.318183631 0.033651602 0.007515915 0.895349264 0.445301265 -0.059962183 -0.358842701 -0.413238406 0.836938441 0.159178689
0.883012831 -0.159164771 0.441537052 0.034798063 -0.065452561 0.889792442 0.451647431 -0.059772950 -0.464762717 -0.427710176 0.775280356 0.156261817
0.831152976 -0.160539448 0.532364428 0.037024975 -0.116842918 0.885613024 0.449485600 -0.065519251 -0.543628991 -0.435794324 0.717321992 0.145298287
0.766256392 -0.161500007 0.621907473 0.038199738 -0.180869505 0.874543130 0.449956208 -0.066658266 -0.616552830 -0.457265913 0.640913904 0.140714213
0.697158039 -0.153166249 0.700364828 0.037084643 -0.248431817 0.864768088 0.436414719 -0.068139195 -0.672497153 -0.478242904 0.564828694 0.137039512
0.651886642 -0.139604121 0.745355368 0.035630945 -0.287249148 0.864200950 0.413091451 -0.069755323 -0.701806128 -0.483391434 0.523259878 0.134664059
0.612342596 -0.136933237 0.778643727 0.034362342 -0.319968879 0.857695162 0.402465880 -0.070550680 -0.722949862 -0.495588720 0.481388837 0.133264020
0.584691525 -0.141330674 0.798850119 0.035467640 -0.338201284 0.852594793 0.398374140 -0.070722908 -0.737397850 -0.503098190 0.450706720 0.132250383
0.556090236 -0.138110399 0.819566548 0.036298562 -0.366115481 0.844560921 0.390738159 -0.069216736 -0.746138811 -0.517341614 0.419087738 0.131856993
0.546129763 -0.135931358 0.826598406 0.038154978 -0.375165880 0.842569768 0.386428148 -0.067829356 -0.748994529 -0.521151423 0.409155726 0.132884204
0.537938952 -0.143199176 0.830732107 0.042393409 -0.382968962 0.836386085 0.392164618 -0.065865763 -0.750970364 -0.529105186 0.395083815 0.133582845
0.522366941 -0.142079979 0.840800941 0.045933150 -0.402002841 0.828540564 0.389761716 -0.064910941 -0.752014995 -0.541602969 0.375685602 0.134953767
0.513536096 -0.145178899 0.845697343 0.049135175 -0.413019717 0.822077036 0.391923606 -0.063235328 -0.752127349 -0.550556600 0.362204492 0.135774568
0.505027890 -0.169775322 0.846240699 0.054805644 -0.418724090 0.809159875 0.412226349 -0.059335485 -0.754729807 -0.562527120 0.337559223 0.133889690
0.494404733 -0.223826364 0.839920104 0.062206093 -0.415639043 0.787776828 0.454589784 -0.055479925 -0.763418734 -0.573854983 0.296449572 0.130990073
0.485367239 -0.308000714 0.818262935 0.072428375 -0.393280536 0.758955181 0.518958092 -0.048049394 -0.780864298 -0.573692203 0.247241288 0.122455597
0.475388229 -0.384086728 0.791507125 0.080920681 -0.368297309 0.730159581 0.575520754 -0.042507410 -0.798976302 -0.565105736 0.205651149 0.115813233
0.470515788 -0.430785358 0.770090222 0.084002510 -0.353094846 0.707892478 0.611728847 -0.036203984 -0.808664918 -0.559742868 0.180966511 0.109102048
0.473327428 -0.458497405 0.752157748 0.086207673 -0.347134441 0.687682748 0.637644172 -0.032495249 -0.809604108 -0.562914312 0.166338876 0.105808638
0.476569861 -0.469739169 0.743119240 0.088758990 -0.340977341 0.680351317 0.648734570 -0.030446192 -0.810318232 -0.562554181 0.164064556 0.104331605
0.480897248 -0.471847653 0.738984227 0.089699298 -0.342282414 0.674930573 0.653690577 -0.029714022 -0.807205439 -0.567299247 0.163067117 0.104926959
0.493073016 -0.464828700 0.735400081 0.089404434 -0.336939126 0.677299321 0.654016495 -0.030241301 -0.802091599 -0.570262849 0.177339062 0.106640436
0.497657120 -0.461180598 0.734608591 0.089491040 -0.343035758 0.673237443 0.655040324 -0.029048860 -0.796657920 -0.577982426 0.176839992 0.108277522
0.506214380 -0.461029828 0.728833735 0.089474484 -0.340569466 0.669558406 0.660078704 -0.028704243 -0.792312682 -0.582359791 0.181927457 0.109900996
0.510285676 -0.459332228 0.727064192 0.089738540 -0.340293854 0.668576598 0.661215007 -0.028849404 -0.789815485 -0.584824026 0.184857145 0.110243402
0.518476844 -0.453868628 0.724696457 0.089245625 -0.334844172 0.672060907 0.660464525 -0.028907383 -0.786804378 -0.585095882 0.196472794 0.110797398
0.561457992 -0.434173048 0.704456270 0.088590302 -0.302360564 0.684800684 0.663043022 -0.029645136 -0.770287633 -0.585270464 0.253210038 0.112938441
0.648411512 -0.403328568 0.645669162 0.085055150 -0.212501019 0.718524814 0.662242711 -0.030729281 -0.731030703 -0.566611052 0.380192012 0.119055167
0.722406328 -0.370737433 0.583680451 0.081695348 -0.153940529 0.736702859 0.658461213 -0.029894026 -0.674115241 -0.565528572 0.475127310 0.126710400
0.750507176 -0.358036041 0.555472016 0.081358716 -0.129071325 0.744926691 0.654541671 -0.031390961 -0.648135483 -0.562933743 0.512860596 0.132880658
0.756627083 -0.353871942 0.549809158 0.080854401 -0.140311942 0.733417928 0.665139556 -0.030312520 -0.638614118 -0.580407381 0.505271375 0.137669116
0.757608056 -0.357315958 0.546219230 0.081427693 -0.136727393 0.731403291 0.668097854 -0.030437697 -0.638228595 -0.580839336 0.505262136 0.138566464
0.761273205 -0.354903281 0.542684793 0.081152327 -0.132334843 0.734270215 0.665833831 -0.030949796 -0.634783924 -0.578697503 0.512014210 0.138150632
0.768230021 -0.345516533 0.538925707 0.079865322 -0.125331074 0.744376659 0.655892849 -0.031647626 -0.627785623 -0.571420729 0.528548598 0.136894003
0.787971377 -0.324241757 0.523419797 0.077525035 -0.100316368 0.771138549 0.628714621 -0.033883967 -0.607484758 -0.547916770 0.575108349 0.134609818
0.807295263 -0.298508853 0.509084284 0.076695137 -0.080299057 0.799053907 0.595873237 -0.035801947 -0.584659159 -0.521924734 0.621102512 0.133407116
0.818223059 -0.266753674 0.509267628 0.075009495 -0.073783621 0.829784274 0.553185463 -0.039882913 -0.570146501 -0.490204692 0.659266531 0.129924685
0.791257799 -0.216464564 0.571886420 0.071039371 -0.146256998 0.841102719 0.520725667 -0.041193157 -0.593733907 -0.495670587 0.633869648 0.130335763
0.767173588 -0.160797998 0.620957911 0.068062484 -0.210546643 0.851306140 0.480570674 -0.046396967 -0.605899930 -0.499421746 0.619244099 0.126856744
0.741816163 -0.115413815 0.660597086 0.064406626 -0.260855287 0.857835829 0.442800581 -0.050783787 -0.617789030 -0.500796854 0.606250167 0.123098753
0.728320837 -0.087475449 0.679629862 0.063365310 -0.282018244 0.865659118 0.413642317 -0.052745152 -0.624511361 -0.492932349 0.605807960 0.121461630
0.723987222 -0.075153634 0.685707211 0.061288510 -0.286964655 0.871137142 0.398461372 -0.055174541 -0.627290845 -0.485254675 0.609125674 0.120022409
0.719796598 -0.075088337 0.690112054 0.060600583 -0.291035980 0.869902670 0.398205221 -0.055171240 -0.630230904 -0.487474203 0.604299605 0.118217364
0.712140203 -0.077060647 0.697795093 0.061490942 -0.297478765 0.867188931 0.399361789 -0.055161163 -0.635895252 -0.491980791 0.594636202 0.117162660
0.711571455 -0.076565333 0.698429704 0.061830983 -0.298138738 0.867213011 0.398816764 -0.055243667 -0.636222839 -0.492015541 0.594256878 0.115285657
0.714905679 -0.086310446 0.693873584 0.062338147 -0.291152805 0.865484655 0.407634974 -0.054909900 -0.635720074 -0.493443787 0.593610346 0.112004414
0.724932730 -0.100332581 0.681473315 0.061064318 -0.282911718 0.858668685 0.427374631 -0.053544700 -0.628039300 -0.502614677 0.594091773 0.106426544
0.743719101 -0.109982401 0.659382939 0.059710260 -0.255792558 0.864487946 0.432701975 -0.050230924 -0.617618084 -0.490473926 0.614803493 0.092905752
0.771252692 -0.126196638 0.623894036 0.058020003 -0.202360928 0.880688667 0.428296119 -0.046730775 -0.603505909 -0.456576288 0.653696239 0.070804439
0.774113059 -0.103484564 0.624531746 -0.008728992 -0.204974040 0.892428219 0.401942164 -0.039883606 -0.598944545 -0.439161479 0.669628739 0.034423139
0.783519268 -0.054200552 0.618999064 -0.015272650 -0.207511261 0.916170418 0.342885911 -0.035001878 -0.585693300 -0.397107035 0.706590056 0.001918433
0.797754645 -0.016221201 0.602763951 -0.020143753 -0.191858321 0.940857887 0.279243141 -0.027776264 -0.571644962 -0.338412821 0.747461617 -0.032024965
0.801889539 0.015623314 0.597267985 -0.027023105 -0.208090499 0.944371283 0.254678637 -0.017017193 -0.560063839 -0.328509957 0.760532498 -0.061852973
0.796140552 0.027553923 0.604484022 -0.029864460 -0.219604224 0.944012105 0.246201098 -0.001156402 -0.563856423 -0.328757882 0.757617414 -0.090239681
0.782031357 0.042837758 0.621765077 -0.030833816 -0.233630344 0.945036769 0.228740826 0.016576884 -0.577792108 -0.324145675 0.749056637 -0.113979504
0.767467797 0.055935148 0.638642669 -0.028300999 -0.265684009 0.934362650 0.237441406 0.036517214 -0.583442569 -0.351905763 0.731954277 -0.131844103
0.761018991 0.072491474 0.644666731 -0.028604750 -0.300249904 0.920255125 0.250959367 0.051839817 -0.575065494 -0.384545952 0.722097039 -0.144116804
0.751989782 0.105220333 0.650722802 -0.028235894 -0.348776400 0.901184797 0.257334292 0.067237519 -0.559344649 -0.420469433 0.714380085 -0.153527841
0.738244355 0.104857542 0.666333377 -0.025751537 -0.375913531 0.884177327 0.277343690 0.082001373 -0.560075283 -0.455231130 0.692156255 -0.158942044
0.726417899 0.098860472 0.680105686 -0.022662859 -0.395470589 0.869470417 0.296013743 0.095607154 -0.562067747 -0.483991474 0.670695245 -0.162442908
0.711981714 0.104711495 0.694346845 -0.019275675 -0.426260531 0.850237489 0.308865905 0.107802294 -0.558018029 -0.515879512 0.649987876 -0.166969493
0.688934028 0.143132716 0.710551143 -0.019563397 -0.474652618 0.829964638 0.293024987 0.117375493 -0.547790825 -0.539139807 0.639729142 -0.171740666
0.667706549 0.171254069 0.724458396 -0.019710561 -0.501955330 0.822237372 0.268265754 0.123097949 -0.549735188 -0.542768538 0.634975195 -0.175616831
0.640571177 0.189403534 0.744173884 -0.017268589 -0.533988416 0.806300700 0.254431635 0.132746130 -0.551837802 -0.560361803 0.617632270 -0.178642213
0.594309330 0.188263744 0.781890750 0.001580636 -0.592853248 0.759495676 0.267751992 0.151463181 -0.543434620 -0.622673988 0.562988281 -0.171213031
0.567724526 0.169996679 0.805474997 -0.002560969 -0.608849466 0.745251536 0.271850228 0.145205662 -0.554067791 -0.644749105 0.526600003 -0.167331368
0.562803805 0.188205838 0.804879189 -0.001423848 -0.599038720 0.763822377 0.240266442 0.147620618 -0.569565177 -0.617376626 0.542624772 -0.174415007
0.564471126 0.188525528 0.803635776 0.001338186 -0.592697263 0.770187259 0.235629857 0.151912764 -0.574527740 -0.609318972 0.546487153 -0.175732583
0.565852642 0.176012754 0.805500090 0.003509208 -0.580192327 0.779136479 0.237325251 0.151506990 -0.585822046 -0.601636112 0.542997777 -0.176570460
0.565975189 0.174806595 0.805676579 0.003760517 -0.578610420 0.780365169 0.237150043 0.151567087 -0.587266505 -0.600393951 0.542812347 -0.176746264
0.565884173 0.182373658 0.804061592 0.002856586 -0.585576773 0.775429428 0.236239046 0.152032897 -0.580409229 -0.604523659 0.545597076 -0.176623881
0.564084232 0.202272713 0.800558984 -0.000067064 -0.605442286 0.760579765 0.234431207 0.152894080 -0.561469913 -0.616931200 0.551495671 -0.174961314
0.560702860 0.228461877 0.795875311 -0.002867544 -0.630119085 0.741302192 0.231129646 0.155410364 -0.537179708 -0.631091297 0.559608579 -0.172570303
0.557239592 0.249428153 0.792003691 -0.005281486 -0.649630070 0.725025177 0.228733733 0.157141507 -0.517169893 -0.641968906 0.566048861 -0.171083003
0.554329216 0.262648046 0.789769053 -0.006842849 -0.661566496 0.714823186 0.226621747 0.158681631 -0.505023420 -0.648107886 0.570006669 -0.170114174
0.554011226 0.265700459 0.788970768 -0.007185731 -0.664311945 0.712278247 0.226603568 0.158808470 -0.501758099 -0.649663627 0.571118295 -0.169989988
0.554150283 0.263930649 0.789466977 -0.007011585 -0.662776828 0.713701129 0.226621792 0.158908337 -0.503631055 -0.648822963 0.570424914 -0.169999480
0.554077625 0.264824986 0.789218485 -0.006996674 -0.663391471 0.713192225 0.226425692 0.159117088 -0.502901196 -0.649018168 0.570846558 -0.170010313
0.554107189 0.265039921 0.789125562 -0.007090210 -0.663751423 0.712778032 0.226674750 0.158958033 -0.502393484 -0.649385333 0.570876122 -0.169960648
0.554025650 0.264903426 0.789228618 -0.007165472 -0.663744926 0.712777495 0.226695478 0.158864394 -0.502491951 -0.649441540 0.570725441 -0.169945642
0.554219484 0.265167058 0.789003968 -0.007135399 -0.663866997 0.712623298 0.226822555 0.158873126 -0.502116680 -0.649503112 0.570985556 -0.169922084
0.554217517 0.265211374 0.788990438 -0.006997954 -0.663734436 0.712808192 0.226629436 0.158994675 -0.502294123 -0.649282157 0.571080804 -0.169907555
0.554447711 0.265470922 0.788741410 -0.006927744 -0.663696706 0.712846100 0.226620868 0.159043700 -0.502089918 -0.649134398 0.571428180 -0.170090273
0.554548502 0.265381843 0.788700461 -0.007002230 -0.663758993 0.712702394 0.226890162 0.158869490 -0.501896143 -0.649328768 0.571377754 -0.170080215
0.554651976 0.264636308 0.788878262 -0.007212935 -0.663439870 0.712862134 0.227321580 0.158526078 -0.502203882 -0.649457574 0.570960760 -0.170099944
0.554648042 0.265100807 0.788725078 -0.007208182 -0.663714945 0.712641358 0.227210313 0.158514291 -0.501844466 -0.649510384 0.571216583 -0.170207277
0.554732859 0.265218079 0.788625956 -0.007105555 -0.663744807 0.712605000 0.227237478 0.158514649 -0.501711249 -0.649502516 0.571342587 -0.170151055
0.554895222 0.265062928 0.788563907 -0.007056259 -0.663575768 0.712718487 0.227375135 0.158483967 -0.501755238 -0.649441302 0.571373463 -0.170168325
0.554911256 0.264928132 0.788597941 -0.007140930 -0.663509548 0.712759376 0.227440327 0.158465698 -0.501825094 -0.649451494 0.571300626 -0.170150742
0.555028796 0.265110284 0.788453937 -0.007023260 -0.663600802 0.712649822 0.227517202 0.158543482 -0.501574337 -0.649497271 0.571468711 -0.170117065
0.554899514 0.265116423 0.788542867 -0.007047326 -0.663524270 0.712798953 0.227273151 0.158769369 -0.501818657 -0.649331093 0.571443081 -0.170031875
0.554759681 0.265383929 0.788551271 -0.007165124 -0.663740396 0.712648511 0.227114037 0.158886746 -0.501687348 -0.649387002 0.571494818 -0.169994310
0.554789960 0.265358120 0.788538694 -0.007190594 -0.663784742 0.712572396 0.227223173 0.158882111 -0.501595259 -0.649481058 0.571468711 -0.169909686
0.554855168 0.265532702 0.788434029 -0.007041685 -0.663858473 0.712502778 0.227225840 0.158994511 -0.501425505 -0.649486065 0.571612120 -0.169846177
0.555043936 0.265286535 0.788383961 -0.006759188 -0.663700819 0.712565660 0.227489561 0.159064442 -0.501425326 -0.649517775 0.571576238 -0.169629782
0.555296719 0.265082389 0.788274705 -0.006612026 -0.663425863 0.712768257 0.227656588 0.159111589 -0.501509368 -0.649378836 0.571660459 -0.169622928
0.555146754 0.265216261 0.788335264 -0.006927899 -0.663649976 0.712572753 0.227615461 0.158917755 -0.501378775 -0.649538696 0.571593285 -0.169595867
0.555246115 0.265482992 0.788175523 -0.007051907 -0.663747072 0.712486684 0.227601483 0.158847600 -0.501140177 -0.649524033 0.571819127 -0.169702217
0.555186868 0.265453845 0.788227022 -0.007334052 -0.663813710 0.712414026 0.227634534 0.158709258 -0.501117468 -0.649615526 0.571735024 -0.169751734
0.555204690 0.265318692 0.788259983 -0.007616174 -0.663946629 0.712195933 0.227929130 0.158468753 -0.500921726 -0.649909854 0.571572125 -0.169722453
0.554986537 0.265342832 0.788405418 -0.008374212 -0.664260268 0.711877704 0.228009507 0.157900110 -0.500747502 -0.650248647 0.571339369 -0.169989228
0.555019796 0.265368372 0.788373470 -0.008565092 -0.664342403 0.711765885 0.228119165 0.157693297 -0.500601768 -0.650360465 0.571339726 -0.170102254
0.555150092 0.265205085 0.788336635 -0.008578768 -0.664258957 0.711777985 0.228324279 0.157597661 -0.500567913 -0.650413871 0.571308613 -0.170051277
0.555298746 0.264828175 0.788358688 -0.008545320 -0.663999498 0.711949944 0.228542820 0.157560647 -0.500747383 -0.650379300 0.571190834 -0.170012966
